Node_1 Node_2 Capacity_node1 Capacity_node2 Latency_arc node_cost
nb_nodes 12
nb_arcs 36
0 10  39 29 76767.7258777 3855
0 2  39 52 77947.1011044 4477
0 5  39 28 77237.4747537 3711
1 2  49 52 77322.2751168 3526
1 10  49 29 76110.0177003 3576
1 7  49 30 76279.2152605 4359
2 0  52 39 77947.1011044 4337
2 1  52 49 77322.2751168 3666
2 9  52 51 77486.7413417 3893
3 11  28 27 73886.4183763 3384
3 4  28 32 73188.8767761 3171
3 6  28 35 74218.1693045 4034
4 8  32 35 72994.2850806 4837
4 10  32 29 74344.1809836 4215
4 3  32 28 73188.8767761 4947
5 8  28 35 74930.9653269 4410
5 0  28 39 77237.4747537 3298
5 10  28 29 76178.6770291 3491
6 11  35 27 74722.4290304 4343
6 10  35 29 75314.1347467 4872
6 3  35 28 74218.1693045 4747
7 1  30 49 76279.2152605 4525
7 11  30 27 75107.240884 3386
7 9  30 51 76470.5442206 3545
8 4  35 32 72994.2850806 3039
8 5  35 28 74930.9653269 4540
9 2  51 52 77486.7413417 3889
9 7  51 30 76470.5442206 4195
10 0  29 39 76767.7258777 4073
10 1  29 49 76110.0177003 4313
10 4  29 32 74344.1809836 3581
10 5  29 28 76178.6770291 4310
10 6  29 35 75314.1347467 4484
11 3  27 28 73886.4183763 4027
11 6  27 35 74722.4290304 4179
11 7  27 30 75107.240884 3435
