Node_1 Node_2 Capacity_node1 Capacity_node2 Latency_arc node_cost
nb_nodes 16
nb_arcs 98
0 1  80 93 162827.774207 4333
0 4  80 134 138184.536012 3523
0 5  80 147 27223.5838855 3866
0 6  80 113 54059.0923854 4145
0 7  80 81 103762.810514 4782
0 11  80 110 79894.3961962 4926
0 12  80 108 158954.026972 4331
0 14  80 84 26383.5147114 4652
1 0  93 80 162827.774207 3662
1 4  93 134 61349.2864212 3314
1 5  93 147 168581.39445 3320
1 11  93 110 121222.064581 3669
1 12  93 108 49251.7622856 4660
1 14  93 84 166866.041919 4727
2 10  102 88 117012.45907 3594
2 3  102 149 21117.5968941 3124
2 5  102 147 185362.450421 4194
2 6  102 113 150060.769364 4456
2 7  102 81 95683.2936437 3035
3 2  149 102 21117.5968941 4047
3 6  149 113 148068.533302 4262
3 7  149 81 96202.1908412 3691
3 8  149 133 47756.1608584 4806
3 9  149 77 128794.241439 4696
3 10  149 88 116298.474827 3857
4 0  134 80 138184.536012 3103
4 1  134 93 61349.2864212 3043
4 11  134 110 112720.079086 4914
4 12  134 108 67464.0142372 4244
4 14  134 84 141048.444165 3954
5 0  147 80 27223.5838855 3878
5 1  147 93 168581.39445 4198
5 2  147 102 185362.450421 3641
5 6  147 113 50659.6705182 3579
5 7  147 81 104795.247341 3718
6 0  113 80 54059.0923854 3627
6 2  113 102 150060.769364 4207
6 3  113 149 148068.533302 4546
6 5  113 147 50659.6705182 4674
6 7  113 81 105291.813803 4760
6 8  113 133 135824.929964 3059
6 9  113 77 80834.6230273 3985
6 11  113 110 84659.619659 4444
6 12  113 108 139327.342599 4880
6 13  113 137 136386.043889 4749
6 14  113 84 50862.5349182 3848
7 0  81 80 103762.810514 3033
7 2  81 102 95683.2936437 4563
7 3  81 149 96202.1908412 4648
7 5  81 147 104795.247341 3004
7 6  81 113 105291.813803 4196
8 3  133 149 47756.1608584 3871
8 6  133 113 135824.929964 3711
8 9  133 77 121633.71469 3919
8 10  133 88 110761.518318 3265
8 13  133 137 56999.8591205 3178
8 14  133 84 153750.616266 4761
8 15  133 95 45811.4446236 4710
9 3  77 149 128794.241439 3738
9 6  77 113 80834.6230273 4897
9 8  77 133 121633.71469 3171
9 10  77 88 95510.6646999 4914
9 13  77 137 125294.06045 3915
9 14  77 84 71441.4438881 4334
10 8  88 133 110761.518318 4994
10 9  88 77 95510.6646999 3227
10 2  88 102 117012.45907 3168
10 3  88 149 116298.474827 4502
11 0  110 80 79894.3961962 4630
11 1  110 93 121222.064581 3660
11 4  110 134 112720.079086 3332
11 6  110 113 84659.619659 4114
11 12  110 108 116029.968232 3047
11 14  110 84 79135.6773862 4735
12 0  108 80 158954.026972 4717
12 1  108 93 49251.7622856 4822
12 4  108 134 67464.0142372 3727
12 6  108 113 139327.342599 4564
12 11  108 110 116029.968232 3047
12 13  108 137 52929.177617 3914
12 14  108 84 161695.148695 3145
13 6  137 113 136386.043889 3366
13 8  137 133 56999.8591205 4577
13 9  137 77 125294.06045 4412
13 12  137 108 52929.177617 4269
13 14  137 84 157290.76674 4158
13 15  137 95 41173.0351972 4597
14 0  84 80 26383.5147114 3510
14 1  84 93 166866.041919 4906
14 4  84 134 141048.444165 3537
14 6  84 113 50862.5349182 4638
14 8  84 133 153750.616266 4333
14 9  84 77 71441.4438881 4167
14 11  84 110 79135.6773862 4230
14 12  84 108 161695.148695 3991
14 13  84 137 157290.76674 3067
15 8  95 133 45811.4446236 3848
15 13  95 137 41173.0351972 4821
