Node_1 Node_2 Capacity_node1 Capacity_node2 Latency_arc node_cost
nb_nodes 15
nb_arcs 44
0 5  130 118 79414.0649117 3617
0 6  130 131 120682.601446 3248
0 7  130 73 109834.869889 4146
1 2  134 118 58702.1521584 3402
1 4  134 99 159404.510642 4253
1 5  134 118 38592.9696321 3930
2 1  118 134 58702.1521584 4442
2 4  118 99 136883.965616 4081
2 7  118 73 121567.6812 3844
3 4  93 99 55780.4062636 3001
3 5  93 118 144329.815088 4477
4 1  99 134 159404.510642 3477
4 2  99 118 136883.965616 3094
4 3  99 93 55780.4062636 4537
5 0  118 130 79414.0649117 3924
5 1  118 134 38592.9696321 4624
5 3  118 93 144329.815088 4048
5 12  118 114 131108.845336 3332
6 0  131 130 120682.601446 3197
6 9  131 106 60029.6443359 4589
6 13  131 135 144422.647365 4083
7 0  73 130 109834.869889 4445
7 8  73 137 69426.4495974 3358
7 2  73 118 121567.6812 4518
7 14  73 92 91695.1965967 3826
8 9  137 106 47972.2186757 4066
8 11  137 111 117708.618505 3281
8 14  137 92 79543.1802679 4721
8 7  137 73 69426.4495974 3284
9 8  106 137 47972.2186757 4046
9 11  106 111 111758.347397 4014
9 6  106 131 60029.6443359 4907
10 12  93 114 120531.380027 4550
10 13  93 135 65191.4944375 3587
11 8  111 137 117708.618505 3894
11 9  111 106 111758.347397 4065
12 10  114 93 120531.380027 4505
12 5  114 118 131108.845336 4468
12 13  114 135 125513.751614 3821
13 10  135 93 65191.4944375 3052
13 12  135 114 125513.751614 3095
13 6  135 131 144422.647365 4575
14 8  92 137 79543.1802679 4835
14 7  92 73 91695.1965967 3884
