Node_1 Node_2 Capacity_node1 Capacity_node2 Latency_arc node_cost
nb_nodes 12
nb_arcs 36
0 10  53 30 76767.7258777 3695
0 2  53 33 77947.1011044 4309
0 5  53 51 77237.4747537 4518
1 2  27 33 77322.2751168 4081
1 10  27 30 76110.0177003 3784
1 7  27 38 76279.2152605 4225
2 0  33 53 77947.1011044 3961
2 1  33 27 77322.2751168 4175
2 9  33 52 77486.7413417 3049
3 11  40 48 73886.4183763 4743
3 4  40 34 73188.8767761 4563
3 6  40 46 74218.1693045 3498
4 8  34 27 72994.2850806 4735
4 10  34 30 74344.1809836 3718
4 3  34 40 73188.8767761 4919
5 8  51 27 74930.9653269 3134
5 0  51 53 77237.4747537 4680
5 10  51 30 76178.6770291 4728
6 11  46 48 74722.4290304 3526
6 10  46 30 75314.1347467 4947
6 3  46 40 74218.1693045 3934
7 1  38 27 76279.2152605 3541
7 11  38 48 75107.240884 3136
7 9  38 52 76470.5442206 3626
8 4  27 34 72994.2850806 3265
8 5  27 51 74930.9653269 4287
9 2  52 33 77486.7413417 4547
9 7  52 38 76470.5442206 4334
10 0  30 53 76767.7258777 4631
10 1  30 27 76110.0177003 3462
10 4  30 34 74344.1809836 4206
10 5  30 51 76178.6770291 3398
10 6  30 46 75314.1347467 3772
11 3  48 40 73886.4183763 3427
11 6  48 46 74722.4290304 3109
11 7  48 38 75107.240884 3697
