Node_1 Node_2 Capacity_node1 Capacity_node2 Latency_arc node_cost
nb_nodes 15
nb_arcs 44
0 5  132 100 79414.0649117 3936
0 6  132 137 120682.601446 4908
0 7  132 71 109834.869889 4690
1 2  125 91 58702.1521584 3155
1 4  125 76 159404.510642 4786
1 5  125 100 38592.9696321 4674
2 1  91 125 58702.1521584 3669
2 4  91 76 136883.965616 3441
2 7  91 71 121567.6812 4230
3 4  124 76 55780.4062636 4308
3 5  124 100 144329.815088 4217
4 1  76 125 159404.510642 4190
4 2  76 91 136883.965616 3168
4 3  76 124 55780.4062636 4841
5 0  100 132 79414.0649117 4493
5 1  100 125 38592.9696321 4153
5 3  100 124 144329.815088 3695
5 12  100 85 131108.845336 4919
6 0  137 132 120682.601446 4651
6 9  137 122 60029.6443359 4752
6 13  137 102 144422.647365 3793
7 0  71 132 109834.869889 4984
7 8  71 114 69426.4495974 4308
7 2  71 91 121567.6812 4182
7 14  71 88 91695.1965967 4068
8 9  114 122 47972.2186757 4498
8 11  114 123 117708.618505 3877
8 14  114 88 79543.1802679 4265
8 7  114 71 69426.4495974 3128
9 8  122 114 47972.2186757 3134
9 11  122 123 111758.347397 4370
9 6  122 137 60029.6443359 4900
10 12  76 85 120531.380027 3500
10 13  76 102 65191.4944375 3530
11 8  123 114 117708.618505 3004
11 9  123 122 111758.347397 3995
12 10  85 76 120531.380027 4547
12 5  85 100 131108.845336 3884
12 13  85 102 125513.751614 3638
13 10  102 76 65191.4944375 3616
13 12  102 85 125513.751614 3009
13 6  102 137 144422.647365 3772
14 8  88 114 79543.1802679 4450
14 7  88 71 91695.1965967 4666
