Node_1 Node_2 Capacity_node1 Capacity_node2 Latency_arc node_cost
nb_nodes 11
nb_arcs 94
0 1  92 52 75973.1418746 3671
0 2  92 95 75267.6083316 3328
0 3  92 62 73146.2212316 3748
0 4  92 72 72840.8255108 4044
0 5  92 50 74349.2542422 3537
0 6  92 66 73601.3816169 3545
0 7  92 56 75266.4984974 4756
0 8  92 78 74761.0246471 4153
0 9  92 64 73946.3004351 3677
1 0  52 92 75973.1418746 4081
1 2  52 95 76527.3217122 4085
1 3  52 62 74529.9918039 3627
1 4  52 72 74240.097276 3370
1 5  52 50 75664.5649135 4228
1 6  52 66 74956.4468336 4738
1 7  52 56 76522.5795361 3256
1 8  52 78 76052.6922843 4019
1 9  52 64 75283.5004484 4901
2 0  95 92 75267.6083316 4330
2 1  95 52 76527.3217122 4691
2 3  95 62 73771.3927855 3286
2 4  95 72 73473.3484884 4835
2 5  95 50 74941.9681777 4261
2 6  95 66 74212.9297439 4848
2 7  95 56 75831.1509149 3454
2 8  95 78 75342.5401793 4562
2 9  95 64 74549.3839713 3156
2 10  95 85 76512.4629751 4182
3 0  62 92 73146.2212316 3131
3 1  62 52 74529.9918039 4197
3 2  62 95 73771.3927855 3404
3 4  62 72 71169.7925628 3576
3 5  62 50 72773.8029427 4000
3 6  62 66 71980.7453578 3533
3 7  62 56 73758.6286956 4592
3 8  62 78 73212.4834441 3475
3 9  62 64 72345.959919 4363
4 0  72 92 72840.8255108 4923
4 1  72 52 74240.097276 3297
4 2  72 95 73473.3484884 4983
4 3  72 62 71169.7925628 3233
4 5  72 50 72528.3865665 4871
4 6  72 66 71726.6013473 4647
4 7  72 56 73526.2558109 4502
4 8  72 78 72972.2584208 4422
4 9  72 64 72095.7377958 3206
5 0  50 92 74349.2542422 3775
5 1  50 52 75664.5649135 4590
5 2  50 95 74941.9681777 3178
5 3  50 62 72773.8029427 4627
5 4  50 72 72528.3865665 4915
5 6  50 66 73188.1632048 4562
5 7  50 56 74876.231505 3835
5 8  50 78 74362.4687093 3852
5 9  50 64 73537.2032133 3753
6 0  66 92 73601.3816169 3369
6 1  66 52 74956.4468336 4545
6 2  66 95 74212.9297439 3125
6 3  66 62 71980.7453578 3545
6 4  66 72 71726.6013473 4057
6 5  66 50 73188.1632048 4958
6 7  66 56 74247.9168092 3704
6 8  66 78 73714.6794031 3716
6 9  66 64 72864.5662145 3684
7 0  56 92 75266.4984974 3280
7 1  56 52 76522.5795361 4873
7 2  56 95 75831.1509149 4043
7 3  56 62 73758.6286956 3417
7 4  56 72 73526.2558109 4075
7 5  56 50 74876.231505 4516
7 6  56 66 74247.9168092 4768
7 8  56 78 75434.2033144 3289
7 9  56 64 74641.9400541 4024
8 0  78 92 74761.0246471 3792
8 1  78 52 76052.6922843 4195
8 2  78 95 75342.5401793 3215
8 3  78 62 73212.4834441 4357
8 4  78 72 72972.2584208 3300
8 5  78 50 74362.4687093 4666
8 6  78 66 73714.6794031 4889
8 7  78 56 75434.2033144 4666
8 9  78 64 73956.5491981 3338
9 0  64 92 73946.3004351 4524
9 1  64 52 75283.5004484 4446
9 2  64 95 74549.3839713 4021
9 3  64 62 72345.959919 3118
9 4  64 72 72095.7377958 3422
9 5  64 50 73537.2032133 4574
9 6  64 66 72864.5662145 4957
9 7  64 56 74641.9400541 4562
9 8  64 78 73956.5491981 4811
9 10  64 85 75270.8144165 3385
10 9  85 64 75270.8144165 3946
10 2  85 95 76512.4629751 4177
