Node_1 Node_2 Capacity_node1 Capacity_node2 Latency_arc node_cost
nb_nodes 10
nb_arcs 90
0 1  80 78 73383.1649784 3284
0 2  80 71 75124.0814461 3972
0 3  80 64 74431.1016141 4701
0 4  80 54 72468.9786277 4151
0 5  80 81 72159.580149 3956
0 6  80 89 71956.8833516 3514
0 7  80 75 72658.7161501 4545
0 8  80 71 74534.3510644 4176
0 9  80 76 73842.722174 4094
1 0  78 80 73383.1649784 4788
1 2  78 71 75424.6560619 3203
1 3  78 64 74739.8105188 4448
1 4  78 54 72759.5743518 4361
1 5  78 81 72495.7761543 4901
1 6  78 89 72296.0428581 4948
1 7  78 75 72877.2430412 4793
1 8  78 71 74672.2694906 4830
1 9  78 76 74159.1027132 4932
2 0  71 80 75124.0814461 3868
2 1  71 78 75424.6560619 4731
2 3  71 64 76316.5514827 4802
2 4  71 54 74544.423436 3749
2 5  71 81 74239.7162469 3291
2 6  71 89 74000.6365688 4832
2 7  71 75 74650.4332978 4413
2 8  71 71 76317.8290673 3441
2 9  71 76 75764.8928929 4256
3 0  64 80 74431.1016141 3598
3 1  64 78 74739.8105188 4694
3 2  64 71 76316.5514827 4706
3 4  64 54 73833.7159488 3860
3 5  64 81 73520.1248929 4950
3 6  64 89 73274.8347165 4186
3 7  64 75 73944.4192425 3873
3 8  64 71 75663.3266781 3404
3 9  64 76 75105.9900404 4203
4 0  54 80 72468.9786277 4421
4 1  54 78 72759.5743518 3520
4 2  54 71 74544.423436 4271
4 3  54 64 73833.7159488 4017
4 5  54 81 71502.0419678 3925
4 6  54 89 71292.8283275 4609
4 7  54 75 72013.6937822 3785
4 8  54 71 73937.849738 4569
4 9  54 76 73228.5750593 4305
5 0  81 80 72159.580149 4160
5 1  81 78 72495.7761543 4113
5 2  81 71 74239.7162469 4450
5 3  81 64 73520.1248929 4592
5 4  81 54 71502.0419678 4671
5 6  81 89 70891.9809511 4514
5 7  81 75 71628.7906142 4660
5 8  81 71 73522.1986744 4194
5 9  81 76 72906.577312 4108
6 0  89 80 71956.8833516 3000
6 1  89 78 72296.0428581 4548
6 2  89 71 74000.6365688 3645
6 3  89 64 73274.8347165 3197
6 4  89 54 71292.8283275 3829
6 5  89 81 70891.9809511 4250
6 7  89 75 71421.3280281 4882
6 8  89 71 73333.5783844 4759
6 9  89 76 72655.4129182 3588
7 0  75 80 72658.7161501 4883
7 1  75 78 72877.2430412 4902
7 2  75 71 74650.4332978 4647
7 3  75 64 73944.4192425 4366
7 4  75 54 72013.6937822 3342
7 5  75 81 71628.7906142 3438
7 6  75 89 71421.3280281 3086
7 8  75 71 73994.1896086 3917
7 9  75 76 73343.7320451 4530
8 0  71 80 74534.3510644 4008
8 1  71 78 74672.2694906 3580
8 2  71 71 76317.8290673 3513
8 3  71 64 75663.3266781 4782
8 4  71 54 73937.849738 3425
8 5  71 81 73522.1986744 3265
8 6  71 89 73333.5783844 4651
8 7  71 75 73994.1896086 4348
8 9  71 76 75111.2504409 3900
9 0  76 80 73842.722174 3225
9 1  76 78 74159.1027132 3945
9 2  76 71 75764.8928929 4060
9 3  76 64 75105.9900404 4573
9 4  76 54 73228.5750593 4257
9 5  76 81 72906.577312 4760
9 6  76 89 72655.4129182 4030
9 7  76 75 73343.7320451 3954
9 8  76 71 75111.2504409 3774
