Node_1 Node_2 Capacity_node1 Capacity_node2 Latency_arc node_cost
nb_nodes 17
nb_arcs 52
0 1  61 49 74541.1505882 4282
0 2  61 49 76526.0006201 4193
0 4  61 39 76234.0696126 3146
0 5  61 66 75969.6578893 3446
0 13  61 44 75307.5118139 3921
0 16  61 68 75206.5471969 4590
1 0  49 61 74541.1505882 3481
1 16  49 68 73866.8821715 4939
1 11  49 55 72801.9427632 4153
1 8  49 58 72745.7932034 3919
1 15  49 67 73680.2260192 4739
2 0  49 61 76526.0006201 4052
2 4  49 39 76894.3972004 3555
2 5  49 66 76640.6316533 3569
3 4  37 39 76961.5901127 4758
3 13  37 44 76063.3142302 4575
4 0  39 61 76234.0696126 4042
4 2  39 49 76894.3972004 3595
4 3  39 37 76961.5901127 3544
5 0  66 61 75969.6578893 3120
5 16  66 68 75331.9242497 4934
5 2  66 49 76640.6316533 3190
6 8  37 58 71578.2208884 4077
6 7  37 58 70937.2470815 3503
7 9  58 42 71265.1233782 4310
7 6  58 37 70937.2470815 3405
8 16  58 68 73530.0949585 3784
8 1  58 49 72745.7932034 3570
8 6  58 37 71578.2208884 3745
8 9  58 42 71944.6756772 3304
9 8  42 58 71944.6756772 3530
9 10  42 58 71640.8027924 4501
9 7  42 58 71265.1233782 3349
10 9  58 42 71640.8027924 3997
10 11  58 55 72113.0041485 4547
11 1  55 49 72801.9427632 4587
11 10  55 58 72113.0041485 4573
12 13  70 44 74782.8806911 3163
12 14  70 52 74603.2170409 4070
13 0  44 61 75307.5118139 4015
13 3  44 37 76063.3142302 3355
13 12  44 70 74782.8806911 3288
13 15  44 67 74477.8674734 3762
14 12  52 70 74603.2170409 3030
14 15  52 67 74295.9633534 4262
15 1  67 49 73680.2260192 4659
15 13  67 44 74477.8674734 4894
15 14  67 52 74295.9633534 4318
16 0  68 61 75206.5471969 3429
16 1  68 49 73866.8821715 3280
16 5  68 66 75331.9242497 4529
16 8  68 58 73530.0949585 3669
