Node_1 Node_2 Capacity_node1 Capacity_node2 Latency_arc node_cost
nb_nodes 14
nb_arcs 42
0 1  59 60 53149.5198034 4363
0 12  59 51 58541.4366204 4363
0 13  59 38 63843.1464738 3964
1 0  60 59 53149.5198034 3033
1 11  60 55 47353.8222404 4703
1 13  60 38 61385.8732136 3731
2 11  36 55 53528.7855633 4479
2 12  36 51 60516.6028012 3036
2 7  36 47 60420.1917414 4280
3 8  55 49 59317.7103366 4146
3 9  55 35 60791.4957321 4574
3 11  55 55 52529.2132246 4555
4 10  38 56 56115.2979539 4933
4 11  38 55 48390.8291046 4945
5 10  45 56 60319.7133021 4876
5 13  45 38 65768.0843702 4963
5 7  45 47 60630.2368412 4365
6 8  57 49 61713.7872367 3271
6 9  57 35 63074.2981419 4297
6 12  57 51 62210.0811244 4138
7 2  47 36 60420.1917414 3222
7 5  47 45 60630.2368412 4501
8 10  49 56 60557.8631156 4403
8 3  49 55 59317.7103366 4747
8 6  49 57 61713.7872367 4178
9 10  35 56 61941.2239302 4390
9 3  35 55 60791.4957321 4823
9 6  35 57 63074.2981419 4426
10 8  56 49 60557.8631156 3883
10 9  56 35 61941.2239302 4729
10 4  56 38 56115.2979539 4263
10 5  56 45 60319.7133021 3050
11 1  55 60 47353.8222404 3574
11 2  55 36 53528.7855633 4868
11 3  55 55 52529.2132246 4244
11 4  55 38 48390.8291046 4984
12 0  51 59 58541.4366204 3319
12 2  51 36 60516.6028012 3384
12 6  51 57 62210.0811244 3796
13 0  38 59 63843.1464738 4017
13 1  38 60 61385.8732136 4228
13 5  38 45 65768.0843702 4573
