Node_1 Node_2 Capacity_node1 Capacity_node2 Latency_arc node_cost
nb_nodes 11
nb_arcs 94
0 1  92 81 75973.1418746 3497
0 2  92 52 75267.6083316 4621
0 3  92 80 73146.2212316 3940
0 4  92 64 72840.8255108 4152
0 5  92 98 74349.2542422 3145
0 6  92 65 73601.3816169 3029
0 7  92 100 75266.4984974 4710
0 8  92 55 74761.0246471 3934
0 9  92 76 73946.3004351 4311
1 0  81 92 75973.1418746 4478
1 2  81 52 76527.3217122 3574
1 3  81 80 74529.9918039 4158
1 4  81 64 74240.097276 3179
1 5  81 98 75664.5649135 4577
1 6  81 65 74956.4468336 3806
1 7  81 100 76522.5795361 3793
1 8  81 55 76052.6922843 4066
1 9  81 76 75283.5004484 4756
2 0  52 92 75267.6083316 3327
2 1  52 81 76527.3217122 4291
2 3  52 80 73771.3927855 4241
2 4  52 64 73473.3484884 3038
2 5  52 98 74941.9681777 4435
2 6  52 65 74212.9297439 4547
2 7  52 100 75831.1509149 4422
2 8  52 55 75342.5401793 3725
2 9  52 76 74549.3839713 4908
2 10  52 87 76512.4629751 4239
3 0  80 92 73146.2212316 3165
3 1  80 81 74529.9918039 4878
3 2  80 52 73771.3927855 3273
3 4  80 64 71169.7925628 3206
3 5  80 98 72773.8029427 3676
3 6  80 65 71980.7453578 3881
3 7  80 100 73758.6286956 4642
3 8  80 55 73212.4834441 3547
3 9  80 76 72345.959919 4033
4 0  64 92 72840.8255108 4307
4 1  64 81 74240.097276 3040
4 2  64 52 73473.3484884 3021
4 3  64 80 71169.7925628 3508
4 5  64 98 72528.3865665 3900
4 6  64 65 71726.6013473 4127
4 7  64 100 73526.2558109 3372
4 8  64 55 72972.2584208 4747
4 9  64 76 72095.7377958 3380
5 0  98 92 74349.2542422 4703
5 1  98 81 75664.5649135 3775
5 2  98 52 74941.9681777 3922
5 3  98 80 72773.8029427 4055
5 4  98 64 72528.3865665 3224
5 6  98 65 73188.1632048 4332
5 7  98 100 74876.231505 3167
5 8  98 55 74362.4687093 4315
5 9  98 76 73537.2032133 4571
6 0  65 92 73601.3816169 3481
6 1  65 81 74956.4468336 4562
6 2  65 52 74212.9297439 4213
6 3  65 80 71980.7453578 3201
6 4  65 64 71726.6013473 3794
6 5  65 98 73188.1632048 3664
6 7  65 100 74247.9168092 4799
6 8  65 55 73714.6794031 3066
6 9  65 76 72864.5662145 4727
7 0  100 92 75266.4984974 4087
7 1  100 81 76522.5795361 3055
7 2  100 52 75831.1509149 3412
7 3  100 80 73758.6286956 4470
7 4  100 64 73526.2558109 4011
7 5  100 98 74876.231505 4267
7 6  100 65 74247.9168092 3577
7 8  100 55 75434.2033144 4516
7 9  100 76 74641.9400541 4122
8 0  55 92 74761.0246471 3667
8 1  55 81 76052.6922843 4520
8 2  55 52 75342.5401793 3699
8 3  55 80 73212.4834441 3626
8 4  55 64 72972.2584208 4024
8 5  55 98 74362.4687093 4765
8 6  55 65 73714.6794031 3433
8 7  55 100 75434.2033144 3829
8 9  55 76 73956.5491981 3292
9 0  76 92 73946.3004351 4630
9 1  76 81 75283.5004484 4385
9 2  76 52 74549.3839713 4253
9 3  76 80 72345.959919 4296
9 4  76 64 72095.7377958 4161
9 5  76 98 73537.2032133 4900
9 6  76 65 72864.5662145 3457
9 7  76 100 74641.9400541 3586
9 8  76 55 73956.5491981 4938
9 10  76 87 75270.8144165 3253
10 9  87 76 75270.8144165 4372
10 2  87 52 76512.4629751 4552
