Node_1 Node_2 Capacity_node1 Capacity_node2 Latency_arc node_cost
nb_nodes 11
nb_arcs 68
0 8  19 11 76316.5514827 4357
0 9  19 13 75743.4500768 4973
0 6  19 14 76317.8290673 3459
0 7  19 19 75707.2568496 3220
1 2  13 20 72473.0700292 3971
1 3  13 20 72142.2019488 4367
1 4  13 13 71884.8509913 4887
1 5  13 15 72592.9456902 4043
1 7  13 19 73745.9491223 3217
1 8  13 11 74430.9735423 4266
1 9  13 13 73727.1262584 4452
1 10  13 17 73383.0389332 3105
2 1  20 13 72473.0700292 4994
2 3  20 20 71480.8279905 3244
2 4  20 13 71217.5605761 4186
2 5  20 15 71944.5876436 3119
2 9  20 13 73112.8168436 3374
2 10  20 17 72759.5743518 4033
3 1  20 13 72142.2019488 3812
3 2  20 20 71480.8279905 4947
3 4  20 13 70891.9809511 4165
3 5  20 15 71628.7906142 3702
4 1  13 13 71884.8509913 4642
4 2  13 20 71217.5605761 4405
4 3  13 20 70891.9809511 4205
4 5  13 15 71421.3280281 3945
4 6  13 14 73333.5783844 4665
4 7  13 19 72633.5762881 3369
5 1  15 13 72592.9456902 3391
5 2  15 20 71944.5876436 4992
5 3  15 20 71628.7906142 3986
5 4  15 13 71421.3280281 4579
5 7  15 19 73314.3079702 3983
5 8  15 11 73944.4192425 3074
6 0  14 19 76317.8290673 3577
6 4  14 13 73333.5783844 3312
6 7  14 19 75136.1611091 3150
6 8  14 11 75663.3266781 3691
6 9  14 13 74996.5122509 3054
6 10  14 17 74672.2694906 3135
7 0  19 19 75707.2568496 3899
7 1  19 13 73745.9491223 3370
7 4  19 13 72633.5762881 3061
7 5  19 15 73314.3079702 3629
7 6  19 14 75136.1611091 4559
7 8  19 11 75033.9152927 3707
7 9  19 13 74348.9747068 3225
7 10  19 17 74015.0296648 3229
8 0  11 19 76316.5514827 4336
8 1  11 13 74430.9735423 3537
8 5  11 15 73944.4192425 4106
8 6  11 14 75663.3266781 4754
8 7  11 19 75033.9152927 3799
8 9  11 13 75068.1543534 3881
8 10  11 17 74739.8105188 3973
9 0  13 19 75743.4500768 3834
9 1  13 13 73727.1262584 4291
9 2  13 20 73112.8168436 3406
9 6  13 14 74996.5122509 3159
9 7  13 19 74348.9747068 4093
9 8  13 11 75068.1543534 3047
9 10  13 17 74043.7761205 3168
10 1  17 13 73383.0389332 4322
10 2  17 20 72759.5743518 3210
10 6  17 14 74672.2694906 4603
10 7  17 19 74015.0296648 4056
10 8  17 11 74739.8105188 3061
10 9  17 13 74043.7761205 3583
