Node_1 Node_2 Capacity_node1 Capacity_node2 Latency_arc node_cost
nb_nodes 12
nb_arcs 36
0 10  27 28 76767.7258777 4549
0 2  27 27 77947.1011044 3470
0 5  27 53 77237.4747537 4972
1 2  36 27 77322.2751168 4649
1 10  36 28 76110.0177003 3107
1 7  36 35 76279.2152605 3265
2 0  27 27 77947.1011044 4095
2 1  27 36 77322.2751168 3887
2 9  27 28 77486.7413417 3980
3 11  30 37 73886.4183763 4918
3 4  30 29 73188.8767761 3851
3 6  30 34 74218.1693045 3051
4 8  29 41 72994.2850806 4659
4 10  29 28 74344.1809836 4808
4 3  29 30 73188.8767761 3234
5 8  53 41 74930.9653269 4567
5 0  53 27 77237.4747537 4924
5 10  53 28 76178.6770291 4302
6 11  34 37 74722.4290304 3950
6 10  34 28 75314.1347467 4564
6 3  34 30 74218.1693045 3165
7 1  35 36 76279.2152605 3997
7 11  35 37 75107.240884 4377
7 9  35 28 76470.5442206 4965
8 4  41 29 72994.2850806 3023
8 5  41 53 74930.9653269 4205
9 2  28 27 77486.7413417 4674
9 7  28 35 76470.5442206 3372
10 0  28 27 76767.7258777 4973
10 1  28 36 76110.0177003 3226
10 4  28 29 74344.1809836 3900
10 5  28 53 76178.6770291 4191
10 6  28 34 75314.1347467 3070
11 3  37 30 73886.4183763 3995
11 6  37 34 74722.4290304 3135
11 7  37 35 75107.240884 4934
