Node_1 Node_2 Capacity_node1 Capacity_node2 Latency_arc node_cost
nb_nodes 12
nb_arcs 30
0 1  99 102 52027.8554285 4979
1 0  102 99 52027.8554285 4508
1 11  102 95 55851.8913929 4114
1 4  102 67 49266.3153015 4795
1 5  102 64 56436.2708648 3255
2 8  77 89 62095.0425933 3237
2 5  77 64 61316.4146293 3060
3 9  88 93 58825.3989353 3523
3 10  88 103 65802.6860356 4382
3 6  88 102 60095.0809137 3221
4 1  67 102 49266.3153015 4592
4 6  67 102 52923.4705906 3082
4 7  67 83 48816.2743144 3249
5 1  64 102 56436.2708648 4664
5 2  64 77 61316.4146293 3638
5 6  64 102 59236.6697212 4532
6 3  102 88 60095.0809137 3080
6 4  102 67 52923.4705906 3302
6 5  102 64 59236.6697212 4242
7 9  83 93 54320.6623252 4503
7 4  83 67 48816.2743144 3163
8 2  89 77 62095.0425933 4571
8 11  89 95 59963.0878635 3202
9 10  93 103 64120.9171853 3307
9 3  93 88 58825.3989353 4979
9 7  93 83 54320.6623252 4710
10 9  103 93 64120.9171853 4697
10 3  103 88 65802.6860356 4427
11 8  95 89 59963.0878635 4984
11 1  95 102 55851.8913929 3466
