Node_1 Node_2 Capacity_node1 Capacity_node2 Latency_arc node_cost
nb_nodes 15
nb_arcs 44
0 5  99 99 79414.0649117 4957
0 6  99 98 120682.601446 4772
0 7  99 86 109834.869889 3928
1 2  129 96 58702.1521584 4679
1 4  129 107 159404.510642 3751
1 5  129 99 38592.9696321 4665
2 1  96 129 58702.1521584 3338
2 4  96 107 136883.965616 4013
2 7  96 86 121567.6812 4162
3 4  70 107 55780.4062636 4638
3 5  70 99 144329.815088 4039
4 1  107 129 159404.510642 4965
4 2  107 96 136883.965616 4822
4 3  107 70 55780.4062636 4496
5 0  99 99 79414.0649117 3490
5 1  99 129 38592.9696321 3964
5 3  99 70 144329.815088 4762
5 12  99 136 131108.845336 4382
6 0  98 99 120682.601446 3039
6 9  98 73 60029.6443359 3583
6 13  98 107 144422.647365 4743
7 0  86 99 109834.869889 3981
7 8  86 73 69426.4495974 3856
7 2  86 96 121567.6812 4149
7 14  86 125 91695.1965967 4258
8 9  73 73 47972.2186757 3576
8 11  73 118 117708.618505 4389
8 14  73 125 79543.1802679 3263
8 7  73 86 69426.4495974 4771
9 8  73 73 47972.2186757 4100
9 11  73 118 111758.347397 3084
9 6  73 98 60029.6443359 4374
10 12  121 136 120531.380027 3384
10 13  121 107 65191.4944375 3024
11 8  118 73 117708.618505 4718
11 9  118 73 111758.347397 3252
12 10  136 121 120531.380027 3926
12 5  136 99 131108.845336 3501
12 13  136 107 125513.751614 3783
13 10  107 121 65191.4944375 3380
13 12  107 136 125513.751614 4977
13 6  107 98 144422.647365 3789
14 8  125 73 79543.1802679 3640
14 7  125 86 91695.1965967 3986
