Node_1 Node_2 Capacity_node1 Capacity_node2 Latency_arc node_cost
nb_nodes 11
nb_arcs 84
0 1  17 12 115622.513823 4294
0 2  17 10 139985.703018 4342
0 6  17 17 20949.0823374 3950
0 7  17 13 177261.048497 4305
0 8  17 14 107387.775357 3230
0 9  17 17 23388.8405682 4197
0 10  17 14 45181.2921636 4572
1 0  12 17 115622.513823 4482
1 2  12 10 87425.0978181 3233
1 3  12 17 115331.541598 3531
1 4  12 16 90263.1046148 4796
1 5  12 15 105568.346935 3785
1 7  12 13 84837.3689671 4381
1 9  12 17 116101.76818 4932
1 10  12 14 112119.335812 3196
2 0  10 17 139985.703018 4527
2 1  10 12 87425.0978181 3277
2 4  10 16 70977.4154202 4235
2 5  10 15 110038.620724 3836
2 7  10 13 61895.8737387 3089
2 8  10 14 93136.3075721 3187
2 9  10 17 138847.704634 3701
2 10  10 14 135407.006672 3680
3 1  17 12 115331.541598 4858
3 4  17 16 139873.133401 4551
3 5  17 15 85247.429908 3073
3 6  17 17 44666.9518018 4362
3 7  17 13 155536.986535 4415
3 8  17 14 107551.740223 3186
3 9  17 17 44615.9165815 3526
3 10  17 14 53488.3570265 3126
4 1  16 12 90263.1046148 4093
4 2  16 10 70977.4154202 3242
4 3  16 17 139873.133401 4934
4 5  16 15 117737.232973 3381
4 6  16 17 149359.466247 4633
4 7  16 13 47959.513139 3425
4 8  16 14 97735.7596634 4836
5 1  15 12 105568.346935 4428
5 2  15 10 110038.620724 3701
5 3  15 17 85247.429908 4712
5 4  15 16 117737.232973 4551
5 7  15 13 119867.629512 4533
5 9  15 17 79964.2221854 3485
5 10  15 14 82067.4594852 4891
6 0  17 17 20949.0823374 4268
6 3  17 17 44666.9518018 3971
6 4  17 16 149359.466247 4626
6 7  17 13 180129.722452 4049
6 8  17 14 107368.173828 4271
6 9  17 17 21516.3273797 4657
6 10  17 14 43101.2382689 4253
7 0  13 17 177261.048497 3469
7 1  13 12 84837.3689671 4642
7 2  13 10 61895.8737387 4914
7 3  13 17 155536.986535 3921
7 4  13 16 47959.513139 3233
7 5  13 15 119867.629512 4051
7 6  13 17 180129.722452 3328
7 9  13 17 179698.73674 3528
7 10  13 14 156680.159316 3509
8 0  14 17 107387.775357 3111
8 2  14 10 93136.3075721 3795
8 3  14 17 107551.740223 4874
8 4  14 16 97735.7596634 3051
8 6  14 17 107368.173828 4405
8 9  14 17 106451.509072 4648
8 10  14 14 104305.509647 4188
9 0  17 17 23388.8405682 4645
9 1  17 12 116101.76818 4167
9 2  17 10 138847.704634 4508
9 3  17 17 44615.9165815 4029
9 5  17 15 79964.2221854 3174
9 6  17 17 21516.3273797 3097
9 7  17 13 179698.73674 3059
9 8  17 14 106451.509072 3513
10 0  14 17 45181.2921636 3538
10 1  14 12 112119.335812 4651
10 2  14 10 135407.006672 3987
10 3  14 17 53488.3570265 3685
10 5  14 15 82067.4594852 3856
10 6  14 17 43101.2382689 3630
10 7  14 13 156680.159316 3859
10 8  14 14 104305.509647 3119
