Node_1 Node_2 Capacity_node1 Capacity_node2 Latency_arc node_cost
nb_nodes 11
nb_arcs 94
0 1  80 66 75973.1418746 3631
0 2  80 81 75267.6083316 3768
0 3  80 87 73146.2212316 4771
0 4  80 97 72840.8255108 4679
0 5  80 67 74349.2542422 4203
0 6  80 75 73601.3816169 4274
0 7  80 87 75266.4984974 4741
0 8  80 79 74761.0246471 4332
0 9  80 83 73946.3004351 3867
1 0  66 80 75973.1418746 3383
1 2  66 81 76527.3217122 4659
1 3  66 87 74529.9918039 4577
1 4  66 97 74240.097276 3426
1 5  66 67 75664.5649135 4479
1 6  66 75 74956.4468336 3778
1 7  66 87 76522.5795361 4412
1 8  66 79 76052.6922843 4280
1 9  66 83 75283.5004484 4362
2 0  81 80 75267.6083316 3370
2 1  81 66 76527.3217122 4229
2 3  81 87 73771.3927855 4149
2 4  81 97 73473.3484884 4691
2 5  81 67 74941.9681777 4550
2 6  81 75 74212.9297439 3877
2 7  81 87 75831.1509149 4842
2 8  81 79 75342.5401793 4443
2 9  81 83 74549.3839713 3275
2 10  81 68 76512.4629751 3936
3 0  87 80 73146.2212316 4284
3 1  87 66 74529.9918039 4597
3 2  87 81 73771.3927855 3186
3 4  87 97 71169.7925628 4946
3 5  87 67 72773.8029427 4468
3 6  87 75 71980.7453578 4469
3 7  87 87 73758.6286956 3420
3 8  87 79 73212.4834441 3858
3 9  87 83 72345.959919 4521
4 0  97 80 72840.8255108 4103
4 1  97 66 74240.097276 3118
4 2  97 81 73473.3484884 3354
4 3  97 87 71169.7925628 4280
4 5  97 67 72528.3865665 3078
4 6  97 75 71726.6013473 4608
4 7  97 87 73526.2558109 4697
4 8  97 79 72972.2584208 3655
4 9  97 83 72095.7377958 3714
5 0  67 80 74349.2542422 4792
5 1  67 66 75664.5649135 3302
5 2  67 81 74941.9681777 4236
5 3  67 87 72773.8029427 3359
5 4  67 97 72528.3865665 4853
5 6  67 75 73188.1632048 3964
5 7  67 87 74876.231505 4620
5 8  67 79 74362.4687093 4611
5 9  67 83 73537.2032133 4366
6 0  75 80 73601.3816169 4370
6 1  75 66 74956.4468336 4611
6 2  75 81 74212.9297439 4978
6 3  75 87 71980.7453578 4769
6 4  75 97 71726.6013473 4022
6 5  75 67 73188.1632048 4928
6 7  75 87 74247.9168092 4068
6 8  75 79 73714.6794031 3711
6 9  75 83 72864.5662145 4896
7 0  87 80 75266.4984974 3678
7 1  87 66 76522.5795361 4748
7 2  87 81 75831.1509149 4329
7 3  87 87 73758.6286956 3962
7 4  87 97 73526.2558109 3571
7 5  87 67 74876.231505 3978
7 6  87 75 74247.9168092 4646
7 8  87 79 75434.2033144 4092
7 9  87 83 74641.9400541 4238
8 0  79 80 74761.0246471 4756
8 1  79 66 76052.6922843 3812
8 2  79 81 75342.5401793 3562
8 3  79 87 73212.4834441 4281
8 4  79 97 72972.2584208 4308
8 5  79 67 74362.4687093 3540
8 6  79 75 73714.6794031 4896
8 7  79 87 75434.2033144 3781
8 9  79 83 73956.5491981 4354
9 0  83 80 73946.3004351 3897
9 1  83 66 75283.5004484 4417
9 2  83 81 74549.3839713 4618
9 3  83 87 72345.959919 4481
9 4  83 97 72095.7377958 3147
9 5  83 67 73537.2032133 4554
9 6  83 75 72864.5662145 4393
9 7  83 87 74641.9400541 3955
9 8  83 79 73956.5491981 4794
9 10  83 68 75270.8144165 4003
10 9  68 83 75270.8144165 4728
10 2  68 81 76512.4629751 3199
