Node_1 Node_2 Capacity_node1 Capacity_node2 Latency_arc node_cost
nb_nodes 11
nb_arcs 68
0 8  16 15 76316.5514827 3219
0 9  16 12 75743.4500768 3973
0 6  16 12 76317.8290673 3938
0 7  16 15 75707.2568496 3031
1 2  17 17 72473.0700292 3820
1 3  17 11 72142.2019488 3845
1 4  17 19 71884.8509913 4023
1 5  17 18 72592.9456902 4215
1 7  17 15 73745.9491223 3983
1 8  17 15 74430.9735423 4774
1 9  17 12 73727.1262584 4632
1 10  17 17 73383.0389332 3252
2 1  17 17 72473.0700292 3472
2 3  17 11 71480.8279905 3087
2 4  17 19 71217.5605761 4680
2 5  17 18 71944.5876436 4227
2 9  17 12 73112.8168436 3314
2 10  17 17 72759.5743518 4510
3 1  11 17 72142.2019488 3094
3 2  11 17 71480.8279905 4474
3 4  11 19 70891.9809511 4522
3 5  11 18 71628.7906142 3119
4 1  19 17 71884.8509913 4528
4 2  19 17 71217.5605761 4710
4 3  19 11 70891.9809511 4714
4 5  19 18 71421.3280281 3252
4 6  19 12 73333.5783844 3424
4 7  19 15 72633.5762881 3430
5 1  18 17 72592.9456902 3224
5 2  18 17 71944.5876436 3096
5 3  18 11 71628.7906142 4141
5 4  18 19 71421.3280281 3434
5 7  18 15 73314.3079702 3906
5 8  18 15 73944.4192425 3094
6 0  12 16 76317.8290673 4557
6 4  12 19 73333.5783844 4218
6 7  12 15 75136.1611091 3511
6 8  12 15 75663.3266781 3590
6 9  12 12 74996.5122509 4481
6 10  12 17 74672.2694906 4898
7 0  15 16 75707.2568496 4766
7 1  15 17 73745.9491223 3273
7 4  15 19 72633.5762881 3048
7 5  15 18 73314.3079702 4893
7 6  15 12 75136.1611091 4438
7 8  15 15 75033.9152927 4086
7 9  15 12 74348.9747068 4230
7 10  15 17 74015.0296648 3483
8 0  15 16 76316.5514827 3316
8 1  15 17 74430.9735423 4587
8 5  15 18 73944.4192425 3655
8 6  15 12 75663.3266781 4895
8 7  15 15 75033.9152927 4754
8 9  15 12 75068.1543534 3903
8 10  15 17 74739.8105188 4187
9 0  12 16 75743.4500768 4346
9 1  12 17 73727.1262584 4532
9 2  12 17 73112.8168436 3215
9 6  12 12 74996.5122509 3205
9 7  12 15 74348.9747068 3898
9 8  12 15 75068.1543534 3825
9 10  12 17 74043.7761205 4943
10 1  17 17 73383.0389332 3541
10 2  17 17 72759.5743518 4991
10 6  17 12 74672.2694906 3708
10 7  17 15 74015.0296648 4616
10 8  17 15 74739.8105188 4273
10 9  17 12 74043.7761205 4814
