Node_1 Node_2 Capacity_node1 Capacity_node2 Latency_arc node_cost
nb_nodes 12
nb_arcs 30
0 1  83 87 52027.8554285 4895
1 0  87 83 52027.8554285 4316
1 11  87 80 55851.8913929 4741
1 4  87 78 49266.3153015 4321
1 5  87 60 56436.2708648 3227
2 8  84 88 62095.0425933 3236
2 5  84 60 61316.4146293 3932
3 9  98 65 58825.3989353 3359
3 10  98 98 65802.6860356 3795
3 6  98 55 60095.0809137 4848
4 1  78 87 49266.3153015 4733
4 6  78 55 52923.4705906 3282
4 7  78 93 48816.2743144 4421
5 1  60 87 56436.2708648 4697
5 2  60 84 61316.4146293 4017
5 6  60 55 59236.6697212 4349
6 3  55 98 60095.0809137 4746
6 4  55 78 52923.4705906 4138
6 5  55 60 59236.6697212 4309
7 9  93 65 54320.6623252 3130
7 4  93 78 48816.2743144 4719
8 2  88 84 62095.0425933 4290
8 11  88 80 59963.0878635 4322
9 10  65 98 64120.9171853 4636
9 3  65 98 58825.3989353 4313
9 7  65 93 54320.6623252 4438
10 9  98 65 64120.9171853 4222
10 3  98 98 65802.6860356 3060
11 8  80 88 59963.0878635 4190
11 1  80 87 55851.8913929 3642
