Node_1 Node_2 Capacity_node1 Capacity_node2 Latency_arc node_cost
nb_nodes 11
nb_arcs 94
0 1  78 61 75973.1418746 3855
0 2  78 88 75267.6083316 3312
0 3  78 52 73146.2212316 3083
0 4  78 73 72840.8255108 3833
0 5  78 84 74349.2542422 4400
0 6  78 65 73601.3816169 3814
0 7  78 91 75266.4984974 3439
0 8  78 78 74761.0246471 3563
0 9  78 64 73946.3004351 4238
1 0  61 78 75973.1418746 4190
1 2  61 88 76527.3217122 3282
1 3  61 52 74529.9918039 4925
1 4  61 73 74240.097276 3632
1 5  61 84 75664.5649135 3960
1 6  61 65 74956.4468336 3331
1 7  61 91 76522.5795361 4830
1 8  61 78 76052.6922843 3931
1 9  61 64 75283.5004484 3719
2 0  88 78 75267.6083316 3968
2 1  88 61 76527.3217122 4504
2 3  88 52 73771.3927855 4400
2 4  88 73 73473.3484884 4675
2 5  88 84 74941.9681777 4052
2 6  88 65 74212.9297439 4077
2 7  88 91 75831.1509149 4385
2 8  88 78 75342.5401793 3005
2 9  88 64 74549.3839713 4575
2 10  88 74 76512.4629751 3938
3 0  52 78 73146.2212316 3027
3 1  52 61 74529.9918039 3949
3 2  52 88 73771.3927855 3054
3 4  52 73 71169.7925628 4408
3 5  52 84 72773.8029427 3456
3 6  52 65 71980.7453578 4512
3 7  52 91 73758.6286956 3923
3 8  52 78 73212.4834441 3573
3 9  52 64 72345.959919 4740
4 0  73 78 72840.8255108 4719
4 1  73 61 74240.097276 4787
4 2  73 88 73473.3484884 3368
4 3  73 52 71169.7925628 4296
4 5  73 84 72528.3865665 4944
4 6  73 65 71726.6013473 4453
4 7  73 91 73526.2558109 4064
4 8  73 78 72972.2584208 3171
4 9  73 64 72095.7377958 4643
5 0  84 78 74349.2542422 3544
5 1  84 61 75664.5649135 4688
5 2  84 88 74941.9681777 3400
5 3  84 52 72773.8029427 4835
5 4  84 73 72528.3865665 4360
5 6  84 65 73188.1632048 4627
5 7  84 91 74876.231505 4941
5 8  84 78 74362.4687093 3041
5 9  84 64 73537.2032133 4563
6 0  65 78 73601.3816169 3149
6 1  65 61 74956.4468336 3381
6 2  65 88 74212.9297439 4716
6 3  65 52 71980.7453578 3529
6 4  65 73 71726.6013473 4153
6 5  65 84 73188.1632048 3489
6 7  65 91 74247.9168092 3847
6 8  65 78 73714.6794031 4133
6 9  65 64 72864.5662145 3184
7 0  91 78 75266.4984974 3117
7 1  91 61 76522.5795361 4524
7 2  91 88 75831.1509149 4377
7 3  91 52 73758.6286956 4641
7 4  91 73 73526.2558109 3653
7 5  91 84 74876.231505 3512
7 6  91 65 74247.9168092 3461
7 8  91 78 75434.2033144 4022
7 9  91 64 74641.9400541 3085
8 0  78 78 74761.0246471 4602
8 1  78 61 76052.6922843 3695
8 2  78 88 75342.5401793 4268
8 3  78 52 73212.4834441 4883
8 4  78 73 72972.2584208 4166
8 5  78 84 74362.4687093 4829
8 6  78 65 73714.6794031 3468
8 7  78 91 75434.2033144 4684
8 9  78 64 73956.5491981 3788
9 0  64 78 73946.3004351 4130
9 1  64 61 75283.5004484 3554
9 2  64 88 74549.3839713 3862
9 3  64 52 72345.959919 4775
9 4  64 73 72095.7377958 4587
9 5  64 84 73537.2032133 4724
9 6  64 65 72864.5662145 4309
9 7  64 91 74641.9400541 4655
9 8  64 78 73956.5491981 4308
9 10  64 74 75270.8144165 3167
10 9  74 64 75270.8144165 3358
10 2  74 88 76512.4629751 3400
