Node_1 Node_2 Capacity_node1 Capacity_node2 Latency_arc node_cost
nb_nodes 12
nb_arcs 36
0 10  39 43 76767.7258777 4462
0 2  39 46 77947.1011044 4744
0 5  39 44 77237.4747537 4724
1 2  54 46 77322.2751168 4312
1 10  54 43 76110.0177003 3236
1 7  54 37 76279.2152605 4678
2 0  46 39 77947.1011044 4257
2 1  46 54 77322.2751168 4246
2 9  46 29 77486.7413417 3581
3 11  27 53 73886.4183763 3882
3 4  27 39 73188.8767761 3890
3 6  27 53 74218.1693045 3044
4 8  39 52 72994.2850806 3220
4 10  39 43 74344.1809836 3694
4 3  39 27 73188.8767761 3209
5 8  44 52 74930.9653269 4061
5 0  44 39 77237.4747537 3635
5 10  44 43 76178.6770291 3266
6 11  53 53 74722.4290304 3409
6 10  53 43 75314.1347467 3066
6 3  53 27 74218.1693045 3763
7 1  37 54 76279.2152605 3024
7 11  37 53 75107.240884 3983
7 9  37 29 76470.5442206 3447
8 4  52 39 72994.2850806 4200
8 5  52 44 74930.9653269 4074
9 2  29 46 77486.7413417 3840
9 7  29 37 76470.5442206 3845
10 0  43 39 76767.7258777 4450
10 1  43 54 76110.0177003 3786
10 4  43 39 74344.1809836 3602
10 5  43 44 76178.6770291 3360
10 6  43 53 75314.1347467 4187
11 3  53 27 73886.4183763 4492
11 6  53 53 74722.4290304 4035
11 7  53 37 75107.240884 3066
