Node_1 Node_2 Capacity_node1 Capacity_node2 Latency_arc node_cost
nb_nodes 15
nb_arcs 44
0 5  87 135 79414.0649117 4998
0 6  87 108 120682.601446 4667
0 7  87 72 109834.869889 3105
1 2  134 89 58702.1521584 3350
1 4  134 130 159404.510642 3525
1 5  134 135 38592.9696321 4715
2 1  89 134 58702.1521584 4640
2 4  89 130 136883.965616 3714
2 7  89 72 121567.6812 4241
3 4  96 130 55780.4062636 4801
3 5  96 135 144329.815088 4714
4 1  130 134 159404.510642 3720
4 2  130 89 136883.965616 3298
4 3  130 96 55780.4062636 4522
5 0  135 87 79414.0649117 3250
5 1  135 134 38592.9696321 4979
5 3  135 96 144329.815088 4520
5 12  135 120 131108.845336 4322
6 0  108 87 120682.601446 4520
6 9  108 121 60029.6443359 4295
6 13  108 101 144422.647365 3444
7 0  72 87 109834.869889 3288
7 8  72 107 69426.4495974 4921
7 2  72 89 121567.6812 4088
7 14  72 100 91695.1965967 3468
8 9  107 121 47972.2186757 3613
8 11  107 96 117708.618505 4748
8 14  107 100 79543.1802679 4609
8 7  107 72 69426.4495974 3742
9 8  121 107 47972.2186757 4286
9 11  121 96 111758.347397 4191
9 6  121 108 60029.6443359 4830
10 12  123 120 120531.380027 4600
10 13  123 101 65191.4944375 3453
11 8  96 107 117708.618505 3215
11 9  96 121 111758.347397 4310
12 10  120 123 120531.380027 3551
12 5  120 135 131108.845336 4508
12 13  120 101 125513.751614 4512
13 10  101 123 65191.4944375 4542
13 12  101 120 125513.751614 3347
13 6  101 108 144422.647365 3802
14 8  100 107 79543.1802679 3074
14 7  100 72 91695.1965967 3757
