Node_1 Node_2 Capacity_node1 Capacity_node2 Latency_arc node_cost
nb_nodes 12
nb_arcs 36
0 10  37 47 76767.7258777 3657
0 2  37 50 77947.1011044 3008
0 5  37 27 77237.4747537 3056
1 2  41 50 77322.2751168 4780
1 10  41 47 76110.0177003 3811
1 7  41 54 76279.2152605 3278
2 0  50 37 77947.1011044 3727
2 1  50 41 77322.2751168 3952
2 9  50 27 77486.7413417 3975
3 11  38 32 73886.4183763 3321
3 4  38 31 73188.8767761 4814
3 6  38 42 74218.1693045 4665
4 8  31 30 72994.2850806 3195
4 10  31 47 74344.1809836 4468
4 3  31 38 73188.8767761 4456
5 8  27 30 74930.9653269 4258
5 0  27 37 77237.4747537 4849
5 10  27 47 76178.6770291 4571
6 11  42 32 74722.4290304 4798
6 10  42 47 75314.1347467 4284
6 3  42 38 74218.1693045 3244
7 1  54 41 76279.2152605 3833
7 11  54 32 75107.240884 3270
7 9  54 27 76470.5442206 4042
8 4  30 31 72994.2850806 3053
8 5  30 27 74930.9653269 4819
9 2  27 50 77486.7413417 4607
9 7  27 54 76470.5442206 3453
10 0  47 37 76767.7258777 3790
10 1  47 41 76110.0177003 3972
10 4  47 31 74344.1809836 3886
10 5  47 27 76178.6770291 4705
10 6  47 42 75314.1347467 3153
11 3  32 38 73886.4183763 4838
11 6  32 42 74722.4290304 4915
11 7  32 54 75107.240884 3305
