Node_1 Node_2 Capacity_node1 Capacity_node2 Latency_arc node_cost
nb_nodes 15
nb_arcs 44
0 5  70 135 79414.0649117 3295
0 6  70 94 120682.601446 4653
0 7  70 79 109834.869889 4267
1 2  140 89 58702.1521584 3449
1 4  140 95 159404.510642 4011
1 5  140 135 38592.9696321 4074
2 1  89 140 58702.1521584 3944
2 4  89 95 136883.965616 3065
2 7  89 79 121567.6812 4966
3 4  138 95 55780.4062636 4956
3 5  138 135 144329.815088 4673
4 1  95 140 159404.510642 3277
4 2  95 89 136883.965616 4779
4 3  95 138 55780.4062636 3402
5 0  135 70 79414.0649117 3016
5 1  135 140 38592.9696321 3433
5 3  135 138 144329.815088 4613
5 12  135 98 131108.845336 3569
6 0  94 70 120682.601446 3477
6 9  94 137 60029.6443359 3174
6 13  94 123 144422.647365 3802
7 0  79 70 109834.869889 4086
7 8  79 105 69426.4495974 4834
7 2  79 89 121567.6812 4963
7 14  79 127 91695.1965967 3723
8 9  105 137 47972.2186757 4701
8 11  105 116 117708.618505 4245
8 14  105 127 79543.1802679 3301
8 7  105 79 69426.4495974 4731
9 8  137 105 47972.2186757 3626
9 11  137 116 111758.347397 3216
9 6  137 94 60029.6443359 3798
10 12  109 98 120531.380027 4116
10 13  109 123 65191.4944375 3956
11 8  116 105 117708.618505 4060
11 9  116 137 111758.347397 3276
12 10  98 109 120531.380027 3024
12 5  98 135 131108.845336 3917
12 13  98 123 125513.751614 4100
13 10  123 109 65191.4944375 3155
13 12  123 98 125513.751614 3491
13 6  123 94 144422.647365 4078
14 8  127 105 79543.1802679 3150
14 7  127 79 91695.1965967 3909
