Node_1 Node_2 Capacity_node1 Capacity_node2 Latency_arc node_cost
nb_nodes 10
nb_arcs 90
0 1  70 65 73383.1649784 4413
0 2  70 88 75124.0814461 4058
0 3  70 63 74431.1016141 4233
0 4  70 68 72468.9786277 3022
0 5  70 89 72159.580149 4392
0 6  70 87 71956.8833516 3063
0 7  70 77 72658.7161501 3092
0 8  70 45 74534.3510644 4056
0 9  70 89 73842.722174 3794
1 0  65 70 73383.1649784 4237
1 2  65 88 75424.6560619 3329
1 3  65 63 74739.8105188 3656
1 4  65 68 72759.5743518 3611
1 5  65 89 72495.7761543 4041
1 6  65 87 72296.0428581 3391
1 7  65 77 72877.2430412 4623
1 8  65 45 74672.2694906 3556
1 9  65 89 74159.1027132 4085
2 0  88 70 75124.0814461 3097
2 1  88 65 75424.6560619 4004
2 3  88 63 76316.5514827 3465
2 4  88 68 74544.423436 3403
2 5  88 89 74239.7162469 4751
2 6  88 87 74000.6365688 4508
2 7  88 77 74650.4332978 4339
2 8  88 45 76317.8290673 4921
2 9  88 89 75764.8928929 4891
3 0  63 70 74431.1016141 3837
3 1  63 65 74739.8105188 3107
3 2  63 88 76316.5514827 3384
3 4  63 68 73833.7159488 3330
3 5  63 89 73520.1248929 4548
3 6  63 87 73274.8347165 3223
3 7  63 77 73944.4192425 4388
3 8  63 45 75663.3266781 4920
3 9  63 89 75105.9900404 3691
4 0  68 70 72468.9786277 3497
4 1  68 65 72759.5743518 4766
4 2  68 88 74544.423436 3043
4 3  68 63 73833.7159488 3807
4 5  68 89 71502.0419678 3683
4 6  68 87 71292.8283275 3191
4 7  68 77 72013.6937822 4161
4 8  68 45 73937.849738 4117
4 9  68 89 73228.5750593 3952
5 0  89 70 72159.580149 4577
5 1  89 65 72495.7761543 3953
5 2  89 88 74239.7162469 4730
5 3  89 63 73520.1248929 4892
5 4  89 68 71502.0419678 3999
5 6  89 87 70891.9809511 4067
5 7  89 77 71628.7906142 4325
5 8  89 45 73522.1986744 4110
5 9  89 89 72906.577312 3124
6 0  87 70 71956.8833516 4958
6 1  87 65 72296.0428581 3369
6 2  87 88 74000.6365688 3888
6 3  87 63 73274.8347165 4485
6 4  87 68 71292.8283275 3703
6 5  87 89 70891.9809511 4781
6 7  87 77 71421.3280281 4193
6 8  87 45 73333.5783844 4426
6 9  87 89 72655.4129182 3250
7 0  77 70 72658.7161501 3264
7 1  77 65 72877.2430412 4722
7 2  77 88 74650.4332978 4391
7 3  77 63 73944.4192425 4849
7 4  77 68 72013.6937822 3368
7 5  77 89 71628.7906142 4601
7 6  77 87 71421.3280281 4475
7 8  77 45 73994.1896086 3995
7 9  77 89 73343.7320451 4084
8 0  45 70 74534.3510644 4929
8 1  45 65 74672.2694906 4835
8 2  45 88 76317.8290673 4466
8 3  45 63 75663.3266781 4176
8 4  45 68 73937.849738 3408
8 5  45 89 73522.1986744 3927
8 6  45 87 73333.5783844 4807
8 7  45 77 73994.1896086 4184
8 9  45 89 75111.2504409 4198
9 0  89 70 73842.722174 3170
9 1  89 65 74159.1027132 3811
9 2  89 88 75764.8928929 3150
9 3  89 63 75105.9900404 4275
9 4  89 68 73228.5750593 3375
9 5  89 89 72906.577312 3561
9 6  89 87 72655.4129182 4817
9 7  89 77 73343.7320451 3918
9 8  89 45 75111.2504409 4437
