Node_1 Node_2 Capacity_node1 Capacity_node2 Latency_arc node_cost
nb_nodes 16
nb_arcs 98
0 1  97 103 162827.774207 3759
0 4  97 114 138184.536012 4316
0 5  97 113 27223.5838855 4983
0 6  97 140 54059.0923854 3894
0 7  97 99 103762.810514 4891
0 11  97 78 79894.3961962 4337
0 12  97 102 158954.026972 4089
0 14  97 119 26383.5147114 3162
1 0  103 97 162827.774207 4708
1 4  103 114 61349.2864212 4233
1 5  103 113 168581.39445 4776
1 11  103 78 121222.064581 3817
1 12  103 102 49251.7622856 3418
1 14  103 119 166866.041919 4625
2 10  77 108 117012.45907 4115
2 3  77 99 21117.5968941 3881
2 5  77 113 185362.450421 4437
2 6  77 140 150060.769364 4859
2 7  77 99 95683.2936437 3885
3 2  99 77 21117.5968941 4090
3 6  99 140 148068.533302 3714
3 7  99 99 96202.1908412 4465
3 8  99 115 47756.1608584 3269
3 9  99 144 128794.241439 3805
3 10  99 108 116298.474827 3810
4 0  114 97 138184.536012 3202
4 1  114 103 61349.2864212 4290
4 11  114 78 112720.079086 4218
4 12  114 102 67464.0142372 4781
4 14  114 119 141048.444165 3355
5 0  113 97 27223.5838855 4618
5 1  113 103 168581.39445 4806
5 2  113 77 185362.450421 3202
5 6  113 140 50659.6705182 4470
5 7  113 99 104795.247341 4564
6 0  140 97 54059.0923854 4931
6 2  140 77 150060.769364 4461
6 3  140 99 148068.533302 3889
6 5  140 113 50659.6705182 4319
6 7  140 99 105291.813803 3868
6 8  140 115 135824.929964 3892
6 9  140 144 80834.6230273 3446
6 11  140 78 84659.619659 3932
6 12  140 102 139327.342599 3950
6 13  140 80 136386.043889 3777
6 14  140 119 50862.5349182 3113
7 0  99 97 103762.810514 3982
7 2  99 77 95683.2936437 4361
7 3  99 99 96202.1908412 3927
7 5  99 113 104795.247341 4337
7 6  99 140 105291.813803 4362
8 3  115 99 47756.1608584 4147
8 6  115 140 135824.929964 4151
8 9  115 144 121633.71469 3309
8 10  115 108 110761.518318 4734
8 13  115 80 56999.8591205 4924
8 14  115 119 153750.616266 3996
8 15  115 102 45811.4446236 4153
9 3  144 99 128794.241439 4270
9 6  144 140 80834.6230273 3534
9 8  144 115 121633.71469 3269
9 10  144 108 95510.6646999 4903
9 13  144 80 125294.06045 4040
9 14  144 119 71441.4438881 3984
10 8  108 115 110761.518318 4454
10 9  108 144 95510.6646999 3864
10 2  108 77 117012.45907 4362
10 3  108 99 116298.474827 4526
11 0  78 97 79894.3961962 3402
11 1  78 103 121222.064581 4304
11 4  78 114 112720.079086 4013
11 6  78 140 84659.619659 4357
11 12  78 102 116029.968232 3066
11 14  78 119 79135.6773862 4292
12 0  102 97 158954.026972 3650
12 1  102 103 49251.7622856 3027
12 4  102 114 67464.0142372 3621
12 6  102 140 139327.342599 4019
12 11  102 78 116029.968232 4511
12 13  102 80 52929.177617 4116
12 14  102 119 161695.148695 3038
13 6  80 140 136386.043889 4581
13 8  80 115 56999.8591205 3601
13 9  80 144 125294.06045 3837
13 12  80 102 52929.177617 3042
13 14  80 119 157290.76674 4435
13 15  80 102 41173.0351972 3735
14 0  119 97 26383.5147114 4655
14 1  119 103 166866.041919 3964
14 4  119 114 141048.444165 4295
14 6  119 140 50862.5349182 3005
14 8  119 115 153750.616266 4665
14 9  119 144 71441.4438881 4152
14 11  119 78 79135.6773862 3915
14 12  119 102 161695.148695 3277
14 13  119 80 157290.76674 4341
15 8  102 115 45811.4446236 4950
15 13  102 80 41173.0351972 3554
