Node_1 Node_2 Capacity_node1 Capacity_node2 Latency_arc node_cost
nb_nodes 11
nb_arcs 94
0 1  71 93 75973.1418746 4291
0 2  71 86 75267.6083316 4489
0 3  71 64 73146.2212316 3255
0 4  71 90 72840.8255108 3145
0 5  71 59 74349.2542422 3806
0 6  71 57 73601.3816169 4210
0 7  71 52 75266.4984974 3078
0 8  71 84 74761.0246471 3393
0 9  71 99 73946.3004351 4718
1 0  93 71 75973.1418746 4370
1 2  93 86 76527.3217122 4811
1 3  93 64 74529.9918039 4567
1 4  93 90 74240.097276 4802
1 5  93 59 75664.5649135 3723
1 6  93 57 74956.4468336 3321
1 7  93 52 76522.5795361 4973
1 8  93 84 76052.6922843 3929
1 9  93 99 75283.5004484 3854
2 0  86 71 75267.6083316 3065
2 1  86 93 76527.3217122 4665
2 3  86 64 73771.3927855 3675
2 4  86 90 73473.3484884 3753
2 5  86 59 74941.9681777 4122
2 6  86 57 74212.9297439 3839
2 7  86 52 75831.1509149 3971
2 8  86 84 75342.5401793 4861
2 9  86 99 74549.3839713 4043
2 10  86 59 76512.4629751 4057
3 0  64 71 73146.2212316 4302
3 1  64 93 74529.9918039 4358
3 2  64 86 73771.3927855 4207
3 4  64 90 71169.7925628 3833
3 5  64 59 72773.8029427 4472
3 6  64 57 71980.7453578 3279
3 7  64 52 73758.6286956 3988
3 8  64 84 73212.4834441 4545
3 9  64 99 72345.959919 4193
4 0  90 71 72840.8255108 4877
4 1  90 93 74240.097276 4867
4 2  90 86 73473.3484884 3949
4 3  90 64 71169.7925628 3531
4 5  90 59 72528.3865665 3759
4 6  90 57 71726.6013473 4755
4 7  90 52 73526.2558109 3817
4 8  90 84 72972.2584208 3614
4 9  90 99 72095.7377958 4584
5 0  59 71 74349.2542422 3302
5 1  59 93 75664.5649135 4283
5 2  59 86 74941.9681777 3709
5 3  59 64 72773.8029427 3813
5 4  59 90 72528.3865665 3538
5 6  59 57 73188.1632048 3841
5 7  59 52 74876.231505 4006
5 8  59 84 74362.4687093 4377
5 9  59 99 73537.2032133 4342
6 0  57 71 73601.3816169 4524
6 1  57 93 74956.4468336 4763
6 2  57 86 74212.9297439 3145
6 3  57 64 71980.7453578 4284
6 4  57 90 71726.6013473 3076
6 5  57 59 73188.1632048 4261
6 7  57 52 74247.9168092 3148
6 8  57 84 73714.6794031 4710
6 9  57 99 72864.5662145 3560
7 0  52 71 75266.4984974 4048
7 1  52 93 76522.5795361 4429
7 2  52 86 75831.1509149 4695
7 3  52 64 73758.6286956 4428
7 4  52 90 73526.2558109 4294
7 5  52 59 74876.231505 4171
7 6  52 57 74247.9168092 3255
7 8  52 84 75434.2033144 3075
7 9  52 99 74641.9400541 4131
8 0  84 71 74761.0246471 4296
8 1  84 93 76052.6922843 3991
8 2  84 86 75342.5401793 4428
8 3  84 64 73212.4834441 4661
8 4  84 90 72972.2584208 4477
8 5  84 59 74362.4687093 4918
8 6  84 57 73714.6794031 3278
8 7  84 52 75434.2033144 3319
8 9  84 99 73956.5491981 3767
9 0  99 71 73946.3004351 3807
9 1  99 93 75283.5004484 4421
9 2  99 86 74549.3839713 4029
9 3  99 64 72345.959919 3652
9 4  99 90 72095.7377958 3141
9 5  99 59 73537.2032133 3812
9 6  99 57 72864.5662145 4325
9 7  99 52 74641.9400541 4328
9 8  99 84 73956.5491981 3773
9 10  99 59 75270.8144165 4026
10 9  59 99 75270.8144165 3735
10 2  59 86 76512.4629751 3996
