Node_1 Node_2 Capacity_node1 Capacity_node2 Latency_arc node_cost
nb_nodes 11
nb_arcs 84
0 1  20 19 115622.513823 4631
0 2  20 14 139985.703018 4199
0 6  20 14 20949.0823374 4749
0 7  20 12 177261.048497 4970
0 8  20 20 107387.775357 3347
0 9  20 17 23388.8405682 3761
0 10  20 18 45181.2921636 3378
1 0  19 20 115622.513823 4724
1 2  19 14 87425.0978181 4145
1 3  19 18 115331.541598 3549
1 4  19 20 90263.1046148 4719
1 5  19 19 105568.346935 4902
1 7  19 12 84837.3689671 4257
1 9  19 17 116101.76818 4149
1 10  19 18 112119.335812 4973
2 0  14 20 139985.703018 3108
2 1  14 19 87425.0978181 3528
2 4  14 20 70977.4154202 3387
2 5  14 19 110038.620724 3182
2 7  14 12 61895.8737387 4987
2 8  14 20 93136.3075721 4984
2 9  14 17 138847.704634 4971
2 10  14 18 135407.006672 3196
3 1  18 19 115331.541598 3474
3 4  18 20 139873.133401 3316
3 5  18 19 85247.429908 4440
3 6  18 14 44666.9518018 4778
3 7  18 12 155536.986535 3725
3 8  18 20 107551.740223 3886
3 9  18 17 44615.9165815 4802
3 10  18 18 53488.3570265 4015
4 1  20 19 90263.1046148 3067
4 2  20 14 70977.4154202 3787
4 3  20 18 139873.133401 4613
4 5  20 19 117737.232973 3712
4 6  20 14 149359.466247 4254
4 7  20 12 47959.513139 3582
4 8  20 20 97735.7596634 3090
5 1  19 19 105568.346935 3361
5 2  19 14 110038.620724 3587
5 3  19 18 85247.429908 3688
5 4  19 20 117737.232973 4152
5 7  19 12 119867.629512 4666
5 9  19 17 79964.2221854 4792
5 10  19 18 82067.4594852 3353
6 0  14 20 20949.0823374 3732
6 3  14 18 44666.9518018 3121
6 4  14 20 149359.466247 3842
6 7  14 12 180129.722452 4579
6 8  14 20 107368.173828 3458
6 9  14 17 21516.3273797 4809
6 10  14 18 43101.2382689 4416
7 0  12 20 177261.048497 4002
7 1  12 19 84837.3689671 4357
7 2  12 14 61895.8737387 3316
7 3  12 18 155536.986535 4611
7 4  12 20 47959.513139 3880
7 5  12 19 119867.629512 3641
7 6  12 14 180129.722452 3767
7 9  12 17 179698.73674 4868
7 10  12 18 156680.159316 3139
8 0  20 20 107387.775357 4049
8 2  20 14 93136.3075721 4415
8 3  20 18 107551.740223 4768
8 4  20 20 97735.7596634 3850
8 6  20 14 107368.173828 3284
8 9  20 17 106451.509072 4693
8 10  20 18 104305.509647 3124
9 0  17 20 23388.8405682 3742
9 1  17 19 116101.76818 4980
9 2  17 14 138847.704634 3571
9 3  17 18 44615.9165815 4784
9 5  17 19 79964.2221854 3929
9 6  17 14 21516.3273797 4693
9 7  17 12 179698.73674 4321
9 8  17 20 106451.509072 4700
10 0  18 20 45181.2921636 4894
10 1  18 19 112119.335812 4105
10 2  18 14 135407.006672 3320
10 3  18 18 53488.3570265 3727
10 5  18 19 82067.4594852 4178
10 6  18 14 43101.2382689 3976
10 7  18 12 156680.159316 3572
10 8  18 20 104305.509647 4879
