Node_1 Node_2 Capacity_node1 Capacity_node2 Latency_arc node_cost
nb_nodes 11
nb_arcs 84
0 1  13 20 115622.513823 3935
0 2  13 14 139985.703018 4442
0 6  13 16 20949.0823374 4596
0 7  13 20 177261.048497 3542
0 8  13 14 107387.775357 3969
0 9  13 19 23388.8405682 3626
0 10  13 17 45181.2921636 3191
1 0  20 13 115622.513823 3248
1 2  20 14 87425.0978181 3059
1 3  20 16 115331.541598 4529
1 4  20 17 90263.1046148 4388
1 5  20 13 105568.346935 4745
1 7  20 20 84837.3689671 3244
1 9  20 19 116101.76818 4121
1 10  20 17 112119.335812 4734
2 0  14 13 139985.703018 4700
2 1  14 20 87425.0978181 3716
2 4  14 17 70977.4154202 3956
2 5  14 13 110038.620724 3755
2 7  14 20 61895.8737387 4571
2 8  14 14 93136.3075721 3203
2 9  14 19 138847.704634 3518
2 10  14 17 135407.006672 3098
3 1  16 20 115331.541598 4764
3 4  16 17 139873.133401 4823
3 5  16 13 85247.429908 4416
3 6  16 16 44666.9518018 4117
3 7  16 20 155536.986535 3635
3 8  16 14 107551.740223 3072
3 9  16 19 44615.9165815 3933
3 10  16 17 53488.3570265 4779
4 1  17 20 90263.1046148 4723
4 2  17 14 70977.4154202 3314
4 3  17 16 139873.133401 3152
4 5  17 13 117737.232973 4160
4 6  17 16 149359.466247 3427
4 7  17 20 47959.513139 3447
4 8  17 14 97735.7596634 4682
5 1  13 20 105568.346935 4960
5 2  13 14 110038.620724 4811
5 3  13 16 85247.429908 3917
5 4  13 17 117737.232973 3279
5 7  13 20 119867.629512 4643
5 9  13 19 79964.2221854 4387
5 10  13 17 82067.4594852 4477
6 0  16 13 20949.0823374 3419
6 3  16 16 44666.9518018 3359
6 4  16 17 149359.466247 4488
6 7  16 20 180129.722452 4312
6 8  16 14 107368.173828 3289
6 9  16 19 21516.3273797 3668
6 10  16 17 43101.2382689 3954
7 0  20 13 177261.048497 4644
7 1  20 20 84837.3689671 3644
7 2  20 14 61895.8737387 4529
7 3  20 16 155536.986535 4773
7 4  20 17 47959.513139 3466
7 5  20 13 119867.629512 4556
7 6  20 16 180129.722452 3368
7 9  20 19 179698.73674 3186
7 10  20 17 156680.159316 3408
8 0  14 13 107387.775357 3878
8 2  14 14 93136.3075721 3264
8 3  14 16 107551.740223 3866
8 4  14 17 97735.7596634 4211
8 6  14 16 107368.173828 4629
8 9  14 19 106451.509072 3142
8 10  14 17 104305.509647 4850
9 0  19 13 23388.8405682 3251
9 1  19 20 116101.76818 3660
9 2  19 14 138847.704634 3775
9 3  19 16 44615.9165815 3399
9 5  19 13 79964.2221854 3256
9 6  19 16 21516.3273797 3092
9 7  19 20 179698.73674 4467
9 8  19 14 106451.509072 4525
10 0  17 13 45181.2921636 3713
10 1  17 20 112119.335812 3858
10 2  17 14 135407.006672 4136
10 3  17 16 53488.3570265 4280
10 5  17 13 82067.4594852 4321
10 6  17 16 43101.2382689 4798
10 7  17 20 156680.159316 4595
10 8  17 14 104305.509647 3993
