Node_1 Node_2 Capacity_node1 Capacity_node2 Latency_arc node_cost
nb_nodes 15
nb_arcs 44
0 5  88 75 79414.0649117 4890
0 6  88 79 120682.601446 4251
0 7  88 87 109834.869889 3029
1 2  82 116 58702.1521584 3846
1 4  82 98 159404.510642 4934
1 5  82 75 38592.9696321 4361
2 1  116 82 58702.1521584 3662
2 4  116 98 136883.965616 3543
2 7  116 87 121567.6812 3240
3 4  118 98 55780.4062636 4924
3 5  118 75 144329.815088 4457
4 1  98 82 159404.510642 4750
4 2  98 116 136883.965616 4835
4 3  98 118 55780.4062636 3273
5 0  75 88 79414.0649117 4535
5 1  75 82 38592.9696321 4158
5 3  75 118 144329.815088 4897
5 12  75 100 131108.845336 4084
6 0  79 88 120682.601446 3169
6 9  79 118 60029.6443359 4960
6 13  79 90 144422.647365 3219
7 0  87 88 109834.869889 4260
7 8  87 94 69426.4495974 4953
7 2  87 116 121567.6812 3148
7 14  87 102 91695.1965967 4093
8 9  94 118 47972.2186757 4087
8 11  94 134 117708.618505 4413
8 14  94 102 79543.1802679 4497
8 7  94 87 69426.4495974 4866
9 8  118 94 47972.2186757 3722
9 11  118 134 111758.347397 4446
9 6  118 79 60029.6443359 4092
10 12  131 100 120531.380027 3539
10 13  131 90 65191.4944375 3134
11 8  134 94 117708.618505 3541
11 9  134 118 111758.347397 3804
12 10  100 131 120531.380027 3435
12 5  100 75 131108.845336 3430
12 13  100 90 125513.751614 4496
13 10  90 131 65191.4944375 3491
13 12  90 100 125513.751614 3908
13 6  90 79 144422.647365 4739
14 8  102 94 79543.1802679 4269
14 7  102 87 91695.1965967 4607
