Node_1 Node_2 Capacity_node1 Capacity_node2 Latency_arc node_cost
nb_nodes 15
nb_arcs 44
0 5  104 102 79414.0649117 4634
0 6  104 86 120682.601446 4807
0 7  104 70 109834.869889 4546
1 2  106 107 58702.1521584 3855
1 4  106 94 159404.510642 3073
1 5  106 102 38592.9696321 3088
2 1  107 106 58702.1521584 4570
2 4  107 94 136883.965616 4588
2 7  107 70 121567.6812 4841
3 4  118 94 55780.4062636 4403
3 5  118 102 144329.815088 4472
4 1  94 106 159404.510642 3427
4 2  94 107 136883.965616 4679
4 3  94 118 55780.4062636 3776
5 0  102 104 79414.0649117 4816
5 1  102 106 38592.9696321 4774
5 3  102 118 144329.815088 3042
5 12  102 75 131108.845336 4218
6 0  86 104 120682.601446 4988
6 9  86 123 60029.6443359 4549
6 13  86 97 144422.647365 4658
7 0  70 104 109834.869889 3691
7 8  70 97 69426.4495974 3406
7 2  70 107 121567.6812 4236
7 14  70 140 91695.1965967 3963
8 9  97 123 47972.2186757 3303
8 11  97 108 117708.618505 4316
8 14  97 140 79543.1802679 3160
8 7  97 70 69426.4495974 3181
9 8  123 97 47972.2186757 3937
9 11  123 108 111758.347397 4007
9 6  123 86 60029.6443359 3753
10 12  126 75 120531.380027 4068
10 13  126 97 65191.4944375 3920
11 8  108 97 117708.618505 3139
11 9  108 123 111758.347397 4986
12 10  75 126 120531.380027 3937
12 5  75 102 131108.845336 4728
12 13  75 97 125513.751614 3471
13 10  97 126 65191.4944375 3916
13 12  97 75 125513.751614 4931
13 6  97 86 144422.647365 3431
14 8  140 97 79543.1802679 3270
14 7  140 70 91695.1965967 3443
