Node_1 Node_2 Capacity_node1 Capacity_node2 Latency_arc node_cost
nb_nodes 10
nb_arcs 90
0 1  65 78 73383.1649784 4121
0 2  65 80 75124.0814461 3956
0 3  65 74 74431.1016141 3085
0 4  65 83 72468.9786277 4459
0 5  65 45 72159.580149 4450
0 6  65 48 71956.8833516 4766
0 7  65 85 72658.7161501 4478
0 8  65 52 74534.3510644 4872
0 9  65 55 73842.722174 3365
1 0  78 65 73383.1649784 3910
1 2  78 80 75424.6560619 4258
1 3  78 74 74739.8105188 3344
1 4  78 83 72759.5743518 3195
1 5  78 45 72495.7761543 4039
1 6  78 48 72296.0428581 3510
1 7  78 85 72877.2430412 3444
1 8  78 52 74672.2694906 4737
1 9  78 55 74159.1027132 3182
2 0  80 65 75124.0814461 3263
2 1  80 78 75424.6560619 3255
2 3  80 74 76316.5514827 4762
2 4  80 83 74544.423436 3328
2 5  80 45 74239.7162469 3662
2 6  80 48 74000.6365688 3469
2 7  80 85 74650.4332978 4497
2 8  80 52 76317.8290673 3605
2 9  80 55 75764.8928929 3642
3 0  74 65 74431.1016141 3171
3 1  74 78 74739.8105188 4642
3 2  74 80 76316.5514827 4144
3 4  74 83 73833.7159488 3332
3 5  74 45 73520.1248929 3094
3 6  74 48 73274.8347165 3781
3 7  74 85 73944.4192425 4742
3 8  74 52 75663.3266781 3067
3 9  74 55 75105.9900404 4970
4 0  83 65 72468.9786277 4664
4 1  83 78 72759.5743518 3344
4 2  83 80 74544.423436 3349
4 3  83 74 73833.7159488 4278
4 5  83 45 71502.0419678 4014
4 6  83 48 71292.8283275 4229
4 7  83 85 72013.6937822 4720
4 8  83 52 73937.849738 3823
4 9  83 55 73228.5750593 4185
5 0  45 65 72159.580149 3842
5 1  45 78 72495.7761543 3899
5 2  45 80 74239.7162469 3300
5 3  45 74 73520.1248929 3582
5 4  45 83 71502.0419678 3936
5 6  45 48 70891.9809511 3142
5 7  45 85 71628.7906142 3059
5 8  45 52 73522.1986744 3551
5 9  45 55 72906.577312 4624
6 0  48 65 71956.8833516 4227
6 1  48 78 72296.0428581 4684
6 2  48 80 74000.6365688 4377
6 3  48 74 73274.8347165 3945
6 4  48 83 71292.8283275 4384
6 5  48 45 70891.9809511 4438
6 7  48 85 71421.3280281 4010
6 8  48 52 73333.5783844 4250
6 9  48 55 72655.4129182 4962
7 0  85 65 72658.7161501 3433
7 1  85 78 72877.2430412 4423
7 2  85 80 74650.4332978 4253
7 3  85 74 73944.4192425 3607
7 4  85 83 72013.6937822 3450
7 5  85 45 71628.7906142 4428
7 6  85 48 71421.3280281 3169
7 8  85 52 73994.1896086 3362
7 9  85 55 73343.7320451 4464
8 0  52 65 74534.3510644 4521
8 1  52 78 74672.2694906 4796
8 2  52 80 76317.8290673 4595
8 3  52 74 75663.3266781 4539
8 4  52 83 73937.849738 4959
8 5  52 45 73522.1986744 4620
8 6  52 48 73333.5783844 4141
8 7  52 85 73994.1896086 4673
8 9  52 55 75111.2504409 4247
9 0  55 65 73842.722174 4093
9 1  55 78 74159.1027132 4719
9 2  55 80 75764.8928929 4752
9 3  55 74 75105.9900404 3610
9 4  55 83 73228.5750593 4276
9 5  55 45 72906.577312 4993
9 6  55 48 72655.4129182 3445
9 7  55 85 73343.7320451 3835
9 8  55 52 75111.2504409 3606
