Node_1 Node_2 Capacity_node1 Capacity_node2 Latency_arc node_cost
nb_nodes 16
nb_arcs 98
0 1  117 123 162827.774207 3343
0 4  117 78 138184.536012 4548
0 5  117 110 27223.5838855 3796
0 6  117 113 54059.0923854 3169
0 7  117 109 103762.810514 3031
0 11  117 139 79894.3961962 3024
0 12  117 97 158954.026972 3676
0 14  117 90 26383.5147114 3092
1 0  123 117 162827.774207 4091
1 4  123 78 61349.2864212 3211
1 5  123 110 168581.39445 4914
1 11  123 139 121222.064581 3842
1 12  123 97 49251.7622856 3367
1 14  123 90 166866.041919 4532
2 10  146 132 117012.45907 4273
2 3  146 78 21117.5968941 3669
2 5  146 110 185362.450421 4812
2 6  146 113 150060.769364 3594
2 7  146 109 95683.2936437 4860
3 2  78 146 21117.5968941 3647
3 6  78 113 148068.533302 4102
3 7  78 109 96202.1908412 3163
3 8  78 143 47756.1608584 3997
3 9  78 120 128794.241439 3271
3 10  78 132 116298.474827 4121
4 0  78 117 138184.536012 4214
4 1  78 123 61349.2864212 3506
4 11  78 139 112720.079086 4910
4 12  78 97 67464.0142372 3841
4 14  78 90 141048.444165 3928
5 0  110 117 27223.5838855 3858
5 1  110 123 168581.39445 3185
5 2  110 146 185362.450421 3895
5 6  110 113 50659.6705182 4944
5 7  110 109 104795.247341 4221
6 0  113 117 54059.0923854 4659
6 2  113 146 150060.769364 3817
6 3  113 78 148068.533302 3325
6 5  113 110 50659.6705182 3090
6 7  113 109 105291.813803 3116
6 8  113 143 135824.929964 3903
6 9  113 120 80834.6230273 4964
6 11  113 139 84659.619659 3734
6 12  113 97 139327.342599 4834
6 13  113 111 136386.043889 4176
6 14  113 90 50862.5349182 3017
7 0  109 117 103762.810514 4686
7 2  109 146 95683.2936437 3184
7 3  109 78 96202.1908412 3693
7 5  109 110 104795.247341 4635
7 6  109 113 105291.813803 4345
8 3  143 78 47756.1608584 3258
8 6  143 113 135824.929964 3037
8 9  143 120 121633.71469 3215
8 10  143 132 110761.518318 3257
8 13  143 111 56999.8591205 3236
8 14  143 90 153750.616266 3402
8 15  143 109 45811.4446236 3030
9 3  120 78 128794.241439 4994
9 6  120 113 80834.6230273 3081
9 8  120 143 121633.71469 4852
9 10  120 132 95510.6646999 4319
9 13  120 111 125294.06045 4757
9 14  120 90 71441.4438881 4305
10 8  132 143 110761.518318 3086
10 9  132 120 95510.6646999 3025
10 2  132 146 117012.45907 3961
10 3  132 78 116298.474827 4772
11 0  139 117 79894.3961962 3373
11 1  139 123 121222.064581 3453
11 4  139 78 112720.079086 3167
11 6  139 113 84659.619659 3377
11 12  139 97 116029.968232 4391
11 14  139 90 79135.6773862 3167
12 0  97 117 158954.026972 4500
12 1  97 123 49251.7622856 4937
12 4  97 78 67464.0142372 4736
12 6  97 113 139327.342599 3697
12 11  97 139 116029.968232 4787
12 13  97 111 52929.177617 4463
12 14  97 90 161695.148695 3981
13 6  111 113 136386.043889 3394
13 8  111 143 56999.8591205 4333
13 9  111 120 125294.06045 3217
13 12  111 97 52929.177617 4515
13 14  111 90 157290.76674 3033
13 15  111 109 41173.0351972 4674
14 0  90 117 26383.5147114 4603
14 1  90 123 166866.041919 4497
14 4  90 78 141048.444165 4352
14 6  90 113 50862.5349182 4469
14 8  90 143 153750.616266 3682
14 9  90 120 71441.4438881 4729
14 11  90 139 79135.6773862 4942
14 12  90 97 161695.148695 4260
14 13  90 111 157290.76674 4514
15 8  109 143 45811.4446236 3033
15 13  109 111 41173.0351972 3386
