Node_1 Node_2 Capacity_node1 Capacity_node2 Latency_arc node_cost
nb_nodes 16
nb_arcs 98
0 1  134 114 162827.774207 4862
0 4  134 121 138184.536012 3080
0 5  134 149 27223.5838855 3210
0 6  134 107 54059.0923854 4983
0 7  134 94 103762.810514 3234
0 11  134 82 79894.3961962 4377
0 12  134 75 158954.026972 4528
0 14  134 84 26383.5147114 3036
1 0  114 134 162827.774207 4227
1 4  114 121 61349.2864212 3365
1 5  114 149 168581.39445 3908
1 11  114 82 121222.064581 3777
1 12  114 75 49251.7622856 3036
1 14  114 84 166866.041919 3607
2 10  96 133 117012.45907 4440
2 3  96 131 21117.5968941 3150
2 5  96 149 185362.450421 3045
2 6  96 107 150060.769364 4582
2 7  96 94 95683.2936437 3634
3 2  131 96 21117.5968941 4873
3 6  131 107 148068.533302 4746
3 7  131 94 96202.1908412 3456
3 8  131 149 47756.1608584 3124
3 9  131 86 128794.241439 3780
3 10  131 133 116298.474827 4404
4 0  121 134 138184.536012 3323
4 1  121 114 61349.2864212 3950
4 11  121 82 112720.079086 4452
4 12  121 75 67464.0142372 3121
4 14  121 84 141048.444165 4653
5 0  149 134 27223.5838855 3400
5 1  149 114 168581.39445 3715
5 2  149 96 185362.450421 3046
5 6  149 107 50659.6705182 4966
5 7  149 94 104795.247341 4295
6 0  107 134 54059.0923854 3838
6 2  107 96 150060.769364 4475
6 3  107 131 148068.533302 4472
6 5  107 149 50659.6705182 3468
6 7  107 94 105291.813803 4187
6 8  107 149 135824.929964 3349
6 9  107 86 80834.6230273 4689
6 11  107 82 84659.619659 3241
6 12  107 75 139327.342599 4693
6 13  107 111 136386.043889 4206
6 14  107 84 50862.5349182 3995
7 0  94 134 103762.810514 3834
7 2  94 96 95683.2936437 4842
7 3  94 131 96202.1908412 3789
7 5  94 149 104795.247341 3153
7 6  94 107 105291.813803 4542
8 3  149 131 47756.1608584 4838
8 6  149 107 135824.929964 3892
8 9  149 86 121633.71469 4028
8 10  149 133 110761.518318 4653
8 13  149 111 56999.8591205 3728
8 14  149 84 153750.616266 3480
8 15  149 120 45811.4446236 4769
9 3  86 131 128794.241439 4557
9 6  86 107 80834.6230273 3484
9 8  86 149 121633.71469 4888
9 10  86 133 95510.6646999 4263
9 13  86 111 125294.06045 3613
9 14  86 84 71441.4438881 3465
10 8  133 149 110761.518318 3098
10 9  133 86 95510.6646999 3849
10 2  133 96 117012.45907 4792
10 3  133 131 116298.474827 3138
11 0  82 134 79894.3961962 3296
11 1  82 114 121222.064581 3886
11 4  82 121 112720.079086 3980
11 6  82 107 84659.619659 3727
11 12  82 75 116029.968232 3270
11 14  82 84 79135.6773862 3332
12 0  75 134 158954.026972 3564
12 1  75 114 49251.7622856 3822
12 4  75 121 67464.0142372 3949
12 6  75 107 139327.342599 4879
12 11  75 82 116029.968232 4324
12 13  75 111 52929.177617 3166
12 14  75 84 161695.148695 3394
13 6  111 107 136386.043889 3375
13 8  111 149 56999.8591205 3509
13 9  111 86 125294.06045 4537
13 12  111 75 52929.177617 4324
13 14  111 84 157290.76674 3995
13 15  111 120 41173.0351972 4568
14 0  84 134 26383.5147114 3165
14 1  84 114 166866.041919 3130
14 4  84 121 141048.444165 4448
14 6  84 107 50862.5349182 3572
14 8  84 149 153750.616266 4159
14 9  84 86 71441.4438881 3761
14 11  84 82 79135.6773862 4328
14 12  84 75 161695.148695 3131
14 13  84 111 157290.76674 4787
15 8  120 149 45811.4446236 4754
15 13  120 111 41173.0351972 4500
