Node_1 Node_2 Capacity_node1 Capacity_node2 Latency_arc node_cost
nb_nodes 12
nb_arcs 30
0 1  66 102 52027.8554285 3549
1 0  102 66 52027.8554285 3683
1 11  102 90 55851.8913929 4238
1 4  102 66 49266.3153015 4131
1 5  102 84 56436.2708648 4408
2 8  105 68 62095.0425933 3515
2 5  105 84 61316.4146293 3262
3 9  94 81 58825.3989353 3156
3 10  94 94 65802.6860356 3891
3 6  94 55 60095.0809137 3005
4 1  66 102 49266.3153015 3585
4 6  66 55 52923.4705906 3212
4 7  66 79 48816.2743144 3524
5 1  84 102 56436.2708648 3007
5 2  84 105 61316.4146293 3162
5 6  84 55 59236.6697212 3272
6 3  55 94 60095.0809137 3972
6 4  55 66 52923.4705906 4160
6 5  55 84 59236.6697212 3060
7 9  79 81 54320.6623252 4355
7 4  79 66 48816.2743144 4370
8 2  68 105 62095.0425933 3371
8 11  68 90 59963.0878635 3343
9 10  81 94 64120.9171853 4736
9 3  81 94 58825.3989353 4297
9 7  81 79 54320.6623252 4201
10 9  94 81 64120.9171853 4279
10 3  94 94 65802.6860356 4146
11 8  90 68 59963.0878635 3923
11 1  90 102 55851.8913929 3362
