Node_1 Node_2 Capacity_node1 Capacity_node2 Latency_arc node_cost
nb_nodes 12
nb_arcs 30
0 1  56 81 52027.8554285 4937
1 0  81 56 52027.8554285 3920
1 11  81 107 55851.8913929 3879
1 4  81 55 49266.3153015 3258
1 5  81 60 56436.2708648 4698
2 8  63 66 62095.0425933 4124
2 5  63 60 61316.4146293 3589
3 9  83 56 58825.3989353 4219
3 10  83 97 65802.6860356 4318
3 6  83 77 60095.0809137 3230
4 1  55 81 49266.3153015 3884
4 6  55 77 52923.4705906 3213
4 7  55 68 48816.2743144 4848
5 1  60 81 56436.2708648 4994
5 2  60 63 61316.4146293 4983
5 6  60 77 59236.6697212 4550
6 3  77 83 60095.0809137 4354
6 4  77 55 52923.4705906 4205
6 5  77 60 59236.6697212 4876
7 9  68 56 54320.6623252 3071
7 4  68 55 48816.2743144 3742
8 2  66 63 62095.0425933 4237
8 11  66 107 59963.0878635 3767
9 10  56 97 64120.9171853 3832
9 3  56 83 58825.3989353 4049
9 7  56 68 54320.6623252 3211
10 9  97 56 64120.9171853 4089
10 3  97 83 65802.6860356 3175
11 8  107 66 59963.0878635 4122
11 1  107 81 55851.8913929 4639
