Node_1 Node_2 Capacity_node1 Capacity_node2 Latency_arc node_cost
nb_nodes 11
nb_arcs 84
0 1  12 17 115622.513823 4835
0 2  12 17 139985.703018 4490
0 6  12 13 20949.0823374 3336
0 7  12 18 177261.048497 3904
0 8  12 15 107387.775357 4369
0 9  12 18 23388.8405682 3747
0 10  12 18 45181.2921636 3066
1 0  17 12 115622.513823 3056
1 2  17 17 87425.0978181 4430
1 3  17 19 115331.541598 4786
1 4  17 13 90263.1046148 4020
1 5  17 19 105568.346935 3293
1 7  17 18 84837.3689671 4822
1 9  17 18 116101.76818 3431
1 10  17 18 112119.335812 4926
2 0  17 12 139985.703018 3337
2 1  17 17 87425.0978181 4367
2 4  17 13 70977.4154202 4958
2 5  17 19 110038.620724 4909
2 7  17 18 61895.8737387 3613
2 8  17 15 93136.3075721 3123
2 9  17 18 138847.704634 3009
2 10  17 18 135407.006672 3479
3 1  19 17 115331.541598 3559
3 4  19 13 139873.133401 3289
3 5  19 19 85247.429908 3824
3 6  19 13 44666.9518018 3176
3 7  19 18 155536.986535 3798
3 8  19 15 107551.740223 3798
3 9  19 18 44615.9165815 4873
3 10  19 18 53488.3570265 4413
4 1  13 17 90263.1046148 4501
4 2  13 17 70977.4154202 3884
4 3  13 19 139873.133401 4200
4 5  13 19 117737.232973 3892
4 6  13 13 149359.466247 4288
4 7  13 18 47959.513139 3023
4 8  13 15 97735.7596634 3118
5 1  19 17 105568.346935 4163
5 2  19 17 110038.620724 4382
5 3  19 19 85247.429908 3891
5 4  19 13 117737.232973 3667
5 7  19 18 119867.629512 4843
5 9  19 18 79964.2221854 3984
5 10  19 18 82067.4594852 4195
6 0  13 12 20949.0823374 3363
6 3  13 19 44666.9518018 3126
6 4  13 13 149359.466247 4842
6 7  13 18 180129.722452 4808
6 8  13 15 107368.173828 4159
6 9  13 18 21516.3273797 4372
6 10  13 18 43101.2382689 3923
7 0  18 12 177261.048497 4470
7 1  18 17 84837.3689671 4292
7 2  18 17 61895.8737387 3786
7 3  18 19 155536.986535 4808
7 4  18 13 47959.513139 3251
7 5  18 19 119867.629512 3392
7 6  18 13 180129.722452 4895
7 9  18 18 179698.73674 4930
7 10  18 18 156680.159316 4459
8 0  15 12 107387.775357 4442
8 2  15 17 93136.3075721 3416
8 3  15 19 107551.740223 3291
8 4  15 13 97735.7596634 3111
8 6  15 13 107368.173828 4338
8 9  15 18 106451.509072 3571
8 10  15 18 104305.509647 4276
9 0  18 12 23388.8405682 4562
9 1  18 17 116101.76818 3271
9 2  18 17 138847.704634 4484
9 3  18 19 44615.9165815 3091
9 5  18 19 79964.2221854 3486
9 6  18 13 21516.3273797 4890
9 7  18 18 179698.73674 3396
9 8  18 15 106451.509072 3558
10 0  18 12 45181.2921636 3512
10 1  18 17 112119.335812 4842
10 2  18 17 135407.006672 4836
10 3  18 19 53488.3570265 4188
10 5  18 19 82067.4594852 3950
10 6  18 13 43101.2382689 3256
10 7  18 18 156680.159316 3794
10 8  18 15 104305.509647 4994
