Node_1 Node_2 Capacity_node1 Capacity_node2 Latency_arc node_cost
nb_nodes 11
nb_arcs 94
0 1  60 83 75973.1418746 4879
0 2  60 94 75267.6083316 3073
0 3  60 58 73146.2212316 4726
0 4  60 83 72840.8255108 3157
0 5  60 59 74349.2542422 4163
0 6  60 81 73601.3816169 3006
0 7  60 61 75266.4984974 3487
0 8  60 100 74761.0246471 4712
0 9  60 56 73946.3004351 3439
1 0  83 60 75973.1418746 4422
1 2  83 94 76527.3217122 4158
1 3  83 58 74529.9918039 3116
1 4  83 83 74240.097276 4714
1 5  83 59 75664.5649135 3578
1 6  83 81 74956.4468336 3057
1 7  83 61 76522.5795361 4524
1 8  83 100 76052.6922843 3766
1 9  83 56 75283.5004484 4013
2 0  94 60 75267.6083316 3378
2 1  94 83 76527.3217122 4954
2 3  94 58 73771.3927855 3503
2 4  94 83 73473.3484884 3106
2 5  94 59 74941.9681777 4932
2 6  94 81 74212.9297439 4102
2 7  94 61 75831.1509149 4524
2 8  94 100 75342.5401793 4106
2 9  94 56 74549.3839713 3371
2 10  94 81 76512.4629751 3600
3 0  58 60 73146.2212316 3834
3 1  58 83 74529.9918039 3092
3 2  58 94 73771.3927855 4429
3 4  58 83 71169.7925628 3546
3 5  58 59 72773.8029427 3928
3 6  58 81 71980.7453578 4105
3 7  58 61 73758.6286956 4924
3 8  58 100 73212.4834441 3828
3 9  58 56 72345.959919 4628
4 0  83 60 72840.8255108 4682
4 1  83 83 74240.097276 4280
4 2  83 94 73473.3484884 3424
4 3  83 58 71169.7925628 4329
4 5  83 59 72528.3865665 3873
4 6  83 81 71726.6013473 4014
4 7  83 61 73526.2558109 4600
4 8  83 100 72972.2584208 4650
4 9  83 56 72095.7377958 3116
5 0  59 60 74349.2542422 3442
5 1  59 83 75664.5649135 3540
5 2  59 94 74941.9681777 3097
5 3  59 58 72773.8029427 4871
5 4  59 83 72528.3865665 3267
5 6  59 81 73188.1632048 3485
5 7  59 61 74876.231505 3277
5 8  59 100 74362.4687093 4850
5 9  59 56 73537.2032133 4037
6 0  81 60 73601.3816169 3121
6 1  81 83 74956.4468336 4392
6 2  81 94 74212.9297439 4045
6 3  81 58 71980.7453578 3498
6 4  81 83 71726.6013473 3815
6 5  81 59 73188.1632048 3695
6 7  81 61 74247.9168092 3579
6 8  81 100 73714.6794031 3145
6 9  81 56 72864.5662145 3298
7 0  61 60 75266.4984974 4735
7 1  61 83 76522.5795361 4705
7 2  61 94 75831.1509149 3688
7 3  61 58 73758.6286956 4754
7 4  61 83 73526.2558109 4025
7 5  61 59 74876.231505 3124
7 6  61 81 74247.9168092 3067
7 8  61 100 75434.2033144 3358
7 9  61 56 74641.9400541 3550
8 0  100 60 74761.0246471 4754
8 1  100 83 76052.6922843 4535
8 2  100 94 75342.5401793 3714
8 3  100 58 73212.4834441 3577
8 4  100 83 72972.2584208 3811
8 5  100 59 74362.4687093 4621
8 6  100 81 73714.6794031 4574
8 7  100 61 75434.2033144 4736
8 9  100 56 73956.5491981 3990
9 0  56 60 73946.3004351 4140
9 1  56 83 75283.5004484 4070
9 2  56 94 74549.3839713 3653
9 3  56 58 72345.959919 4169
9 4  56 83 72095.7377958 3352
9 5  56 59 73537.2032133 4276
9 6  56 81 72864.5662145 3414
9 7  56 61 74641.9400541 3635
9 8  56 100 73956.5491981 4137
9 10  56 81 75270.8144165 3112
10 9  81 56 75270.8144165 4653
10 2  81 94 76512.4629751 3156
