Node_1 Node_2 Capacity_node1 Capacity_node2 Latency_arc node_cost
nb_nodes 15
nb_arcs 44
0 5  84 113 79414.0649117 4927
0 6  84 119 120682.601446 4896
0 7  84 115 109834.869889 3702
1 2  79 124 58702.1521584 3817
1 4  79 71 159404.510642 4709
1 5  79 113 38592.9696321 3733
2 1  124 79 58702.1521584 3803
2 4  124 71 136883.965616 4417
2 7  124 115 121567.6812 3419
3 4  71 71 55780.4062636 3427
3 5  71 113 144329.815088 3782
4 1  71 79 159404.510642 4649
4 2  71 124 136883.965616 4323
4 3  71 71 55780.4062636 3877
5 0  113 84 79414.0649117 4430
5 1  113 79 38592.9696321 4364
5 3  113 71 144329.815088 4335
5 12  113 86 131108.845336 3476
6 0  119 84 120682.601446 4233
6 9  119 127 60029.6443359 3233
6 13  119 123 144422.647365 3406
7 0  115 84 109834.869889 3133
7 8  115 73 69426.4495974 4528
7 2  115 124 121567.6812 4052
7 14  115 104 91695.1965967 4059
8 9  73 127 47972.2186757 3707
8 11  73 75 117708.618505 3889
8 14  73 104 79543.1802679 4008
8 7  73 115 69426.4495974 3548
9 8  127 73 47972.2186757 3178
9 11  127 75 111758.347397 4699
9 6  127 119 60029.6443359 4320
10 12  137 86 120531.380027 3053
10 13  137 123 65191.4944375 3956
11 8  75 73 117708.618505 4967
11 9  75 127 111758.347397 3516
12 10  86 137 120531.380027 3456
12 5  86 113 131108.845336 4552
12 13  86 123 125513.751614 4616
13 10  123 137 65191.4944375 4444
13 12  123 86 125513.751614 3505
13 6  123 119 144422.647365 4324
14 8  104 73 79543.1802679 4465
14 7  104 115 91695.1965967 3437
