Node_1 Node_2 Capacity_node1 Capacity_node2 Latency_arc node_cost
nb_nodes 16
nb_arcs 98
0 1  91 89 162827.774207 4656
0 4  91 112 138184.536012 4831
0 5  91 145 27223.5838855 4608
0 6  91 127 54059.0923854 3291
0 7  91 87 103762.810514 4914
0 11  91 118 79894.3961962 4874
0 12  91 78 158954.026972 4325
0 14  91 101 26383.5147114 3934
1 0  89 91 162827.774207 4579
1 4  89 112 61349.2864212 3153
1 5  89 145 168581.39445 4333
1 11  89 118 121222.064581 3103
1 12  89 78 49251.7622856 4848
1 14  89 101 166866.041919 4231
2 10  125 95 117012.45907 4577
2 3  125 117 21117.5968941 4753
2 5  125 145 185362.450421 3247
2 6  125 127 150060.769364 4495
2 7  125 87 95683.2936437 3486
3 2  117 125 21117.5968941 3241
3 6  117 127 148068.533302 3233
3 7  117 87 96202.1908412 3722
3 8  117 126 47756.1608584 3089
3 9  117 128 128794.241439 4385
3 10  117 95 116298.474827 4424
4 0  112 91 138184.536012 3597
4 1  112 89 61349.2864212 3965
4 11  112 118 112720.079086 3300
4 12  112 78 67464.0142372 4093
4 14  112 101 141048.444165 4017
5 0  145 91 27223.5838855 4431
5 1  145 89 168581.39445 4452
5 2  145 125 185362.450421 3487
5 6  145 127 50659.6705182 4147
5 7  145 87 104795.247341 4401
6 0  127 91 54059.0923854 4476
6 2  127 125 150060.769364 3741
6 3  127 117 148068.533302 3194
6 5  127 145 50659.6705182 4526
6 7  127 87 105291.813803 3047
6 8  127 126 135824.929964 3193
6 9  127 128 80834.6230273 3508
6 11  127 118 84659.619659 4694
6 12  127 78 139327.342599 3419
6 13  127 128 136386.043889 4475
6 14  127 101 50862.5349182 3584
7 0  87 91 103762.810514 3360
7 2  87 125 95683.2936437 4719
7 3  87 117 96202.1908412 3997
7 5  87 145 104795.247341 4375
7 6  87 127 105291.813803 4985
8 3  126 117 47756.1608584 4544
8 6  126 127 135824.929964 4292
8 9  126 128 121633.71469 4261
8 10  126 95 110761.518318 3189
8 13  126 128 56999.8591205 4005
8 14  126 101 153750.616266 3897
8 15  126 138 45811.4446236 4240
9 3  128 117 128794.241439 3214
9 6  128 127 80834.6230273 3377
9 8  128 126 121633.71469 4145
9 10  128 95 95510.6646999 3817
9 13  128 128 125294.06045 4886
9 14  128 101 71441.4438881 3174
10 8  95 126 110761.518318 3508
10 9  95 128 95510.6646999 4860
10 2  95 125 117012.45907 3711
10 3  95 117 116298.474827 4131
11 0  118 91 79894.3961962 3811
11 1  118 89 121222.064581 3751
11 4  118 112 112720.079086 4199
11 6  118 127 84659.619659 3253
11 12  118 78 116029.968232 3544
11 14  118 101 79135.6773862 4467
12 0  78 91 158954.026972 4260
12 1  78 89 49251.7622856 3179
12 4  78 112 67464.0142372 4649
12 6  78 127 139327.342599 3299
12 11  78 118 116029.968232 3899
12 13  78 128 52929.177617 3755
12 14  78 101 161695.148695 3129
13 6  128 127 136386.043889 3331
13 8  128 126 56999.8591205 4841
13 9  128 128 125294.06045 3787
13 12  128 78 52929.177617 4598
13 14  128 101 157290.76674 4888
13 15  128 138 41173.0351972 3691
14 0  101 91 26383.5147114 4374
14 1  101 89 166866.041919 3992
14 4  101 112 141048.444165 3102
14 6  101 127 50862.5349182 4680
14 8  101 126 153750.616266 3229
14 9  101 128 71441.4438881 3963
14 11  101 118 79135.6773862 4880
14 12  101 78 161695.148695 3020
14 13  101 128 157290.76674 3874
15 8  138 126 45811.4446236 3101
15 13  138 128 41173.0351972 4712
