Node_1 Node_2 Capacity_node1 Capacity_node2 Latency_arc node_cost
nb_nodes 14
nb_arcs 42
0 1  62 40 53149.5198034 3037
0 12  62 61 58541.4366204 3620
0 13  62 40 63843.1464738 3375
1 0  40 62 53149.5198034 3909
1 11  40 55 47353.8222404 3787
1 13  40 40 61385.8732136 3247
2 11  50 55 53528.7855633 4860
2 12  50 61 60516.6028012 4415
2 7  50 64 60420.1917414 3389
3 8  64 43 59317.7103366 4854
3 9  64 52 60791.4957321 3690
3 11  64 55 52529.2132246 4439
4 10  44 51 56115.2979539 3864
4 11  44 55 48390.8291046 4833
5 10  59 51 60319.7133021 3378
5 13  59 40 65768.0843702 4676
5 7  59 64 60630.2368412 3271
6 8  49 43 61713.7872367 3326
6 9  49 52 63074.2981419 4403
6 12  49 61 62210.0811244 4293
7 2  64 50 60420.1917414 4813
7 5  64 59 60630.2368412 4455
8 10  43 51 60557.8631156 3353
8 3  43 64 59317.7103366 3094
8 6  43 49 61713.7872367 4372
9 10  52 51 61941.2239302 4966
9 3  52 64 60791.4957321 3080
9 6  52 49 63074.2981419 4245
10 8  51 43 60557.8631156 4487
10 9  51 52 61941.2239302 4253
10 4  51 44 56115.2979539 3739
10 5  51 59 60319.7133021 3132
11 1  55 40 47353.8222404 3777
11 2  55 50 53528.7855633 4787
11 3  55 64 52529.2132246 3161
11 4  55 44 48390.8291046 3304
12 0  61 62 58541.4366204 3490
12 2  61 50 60516.6028012 3301
12 6  61 49 62210.0811244 4212
13 0  40 62 63843.1464738 4270
13 1  40 40 61385.8732136 3951
13 5  40 59 65768.0843702 4213
