Node_1 Node_2 Capacity_node1 Capacity_node2 Latency_arc node_cost
nb_nodes 10
nb_arcs 90
0 1  90 79 73383.1649784 3125
0 2  90 51 75124.0814461 3016
0 3  90 71 74431.1016141 4993
0 4  90 48 72468.9786277 3191
0 5  90 47 72159.580149 3423
0 6  90 74 71956.8833516 3117
0 7  90 66 72658.7161501 4579
0 8  90 73 74534.3510644 4072
0 9  90 74 73842.722174 3929
1 0  79 90 73383.1649784 3758
1 2  79 51 75424.6560619 4248
1 3  79 71 74739.8105188 3969
1 4  79 48 72759.5743518 4748
1 5  79 47 72495.7761543 3429
1 6  79 74 72296.0428581 4255
1 7  79 66 72877.2430412 4081
1 8  79 73 74672.2694906 4416
1 9  79 74 74159.1027132 4059
2 0  51 90 75124.0814461 4857
2 1  51 79 75424.6560619 4513
2 3  51 71 76316.5514827 4925
2 4  51 48 74544.423436 3072
2 5  51 47 74239.7162469 4033
2 6  51 74 74000.6365688 3922
2 7  51 66 74650.4332978 4513
2 8  51 73 76317.8290673 3100
2 9  51 74 75764.8928929 3579
3 0  71 90 74431.1016141 3394
3 1  71 79 74739.8105188 3530
3 2  71 51 76316.5514827 4369
3 4  71 48 73833.7159488 3338
3 5  71 47 73520.1248929 4030
3 6  71 74 73274.8347165 3609
3 7  71 66 73944.4192425 3547
3 8  71 73 75663.3266781 3279
3 9  71 74 75105.9900404 3936
4 0  48 90 72468.9786277 3439
4 1  48 79 72759.5743518 4654
4 2  48 51 74544.423436 4989
4 3  48 71 73833.7159488 4550
4 5  48 47 71502.0419678 3064
4 6  48 74 71292.8283275 3592
4 7  48 66 72013.6937822 3682
4 8  48 73 73937.849738 4883
4 9  48 74 73228.5750593 3429
5 0  47 90 72159.580149 4090
5 1  47 79 72495.7761543 4022
5 2  47 51 74239.7162469 3061
5 3  47 71 73520.1248929 3347
5 4  47 48 71502.0419678 3972
5 6  47 74 70891.9809511 3005
5 7  47 66 71628.7906142 4054
5 8  47 73 73522.1986744 3480
5 9  47 74 72906.577312 4720
6 0  74 90 71956.8833516 3118
6 1  74 79 72296.0428581 4824
6 2  74 51 74000.6365688 3451
6 3  74 71 73274.8347165 4817
6 4  74 48 71292.8283275 4288
6 5  74 47 70891.9809511 4684
6 7  74 66 71421.3280281 3448
6 8  74 73 73333.5783844 3375
6 9  74 74 72655.4129182 3072
7 0  66 90 72658.7161501 3978
7 1  66 79 72877.2430412 3488
7 2  66 51 74650.4332978 4620
7 3  66 71 73944.4192425 3257
7 4  66 48 72013.6937822 3625
7 5  66 47 71628.7906142 3144
7 6  66 74 71421.3280281 4108
7 8  66 73 73994.1896086 4978
7 9  66 74 73343.7320451 3205
8 0  73 90 74534.3510644 4047
8 1  73 79 74672.2694906 3175
8 2  73 51 76317.8290673 3105
8 3  73 71 75663.3266781 4835
8 4  73 48 73937.849738 3657
8 5  73 47 73522.1986744 3085
8 6  73 74 73333.5783844 3117
8 7  73 66 73994.1896086 3056
8 9  73 74 75111.2504409 3419
9 0  74 90 73842.722174 3843
9 1  74 79 74159.1027132 3885
9 2  74 51 75764.8928929 4144
9 3  74 71 75105.9900404 4720
9 4  74 48 73228.5750593 4077
9 5  74 47 72906.577312 4898
9 6  74 74 72655.4129182 3168
9 7  74 66 73343.7320451 4758
9 8  74 73 75111.2504409 3916
