Node_1 Node_2 Capacity_node1 Capacity_node2 Latency_arc node_cost
nb_nodes 11
nb_arcs 84
0 1  10 20 115622.513823 3252
0 2  10 12 139985.703018 4560
0 6  10 10 20949.0823374 3035
0 7  10 14 177261.048497 4065
0 8  10 20 107387.775357 4906
0 9  10 20 23388.8405682 4701
0 10  10 14 45181.2921636 3293
1 0  20 10 115622.513823 4714
1 2  20 12 87425.0978181 3051
1 3  20 19 115331.541598 4542
1 4  20 12 90263.1046148 4285
1 5  20 20 105568.346935 4372
1 7  20 14 84837.3689671 3146
1 9  20 20 116101.76818 4134
1 10  20 14 112119.335812 4231
2 0  12 10 139985.703018 4964
2 1  12 20 87425.0978181 3217
2 4  12 12 70977.4154202 3597
2 5  12 20 110038.620724 3115
2 7  12 14 61895.8737387 4347
2 8  12 20 93136.3075721 3323
2 9  12 20 138847.704634 4374
2 10  12 14 135407.006672 4094
3 1  19 20 115331.541598 3120
3 4  19 12 139873.133401 4536
3 5  19 20 85247.429908 4204
3 6  19 10 44666.9518018 3741
3 7  19 14 155536.986535 3996
3 8  19 20 107551.740223 4612
3 9  19 20 44615.9165815 4310
3 10  19 14 53488.3570265 3110
4 1  12 20 90263.1046148 3898
4 2  12 12 70977.4154202 4369
4 3  12 19 139873.133401 3892
4 5  12 20 117737.232973 4804
4 6  12 10 149359.466247 4708
4 7  12 14 47959.513139 3155
4 8  12 20 97735.7596634 4731
5 1  20 20 105568.346935 3157
5 2  20 12 110038.620724 4075
5 3  20 19 85247.429908 4615
5 4  20 12 117737.232973 4858
5 7  20 14 119867.629512 3696
5 9  20 20 79964.2221854 3993
5 10  20 14 82067.4594852 3058
6 0  10 10 20949.0823374 3009
6 3  10 19 44666.9518018 3529
6 4  10 12 149359.466247 4972
6 7  10 14 180129.722452 4634
6 8  10 20 107368.173828 4904
6 9  10 20 21516.3273797 4622
6 10  10 14 43101.2382689 3566
7 0  14 10 177261.048497 4951
7 1  14 20 84837.3689671 4645
7 2  14 12 61895.8737387 3402
7 3  14 19 155536.986535 4217
7 4  14 12 47959.513139 3348
7 5  14 20 119867.629512 4710
7 6  14 10 180129.722452 4104
7 9  14 20 179698.73674 4092
7 10  14 14 156680.159316 3469
8 0  20 10 107387.775357 3156
8 2  20 12 93136.3075721 3459
8 3  20 19 107551.740223 3375
8 4  20 12 97735.7596634 3511
8 6  20 10 107368.173828 3073
8 9  20 20 106451.509072 4971
8 10  20 14 104305.509647 3660
9 0  20 10 23388.8405682 4088
9 1  20 20 116101.76818 4991
9 2  20 12 138847.704634 4696
9 3  20 19 44615.9165815 3718
9 5  20 20 79964.2221854 4617
9 6  20 10 21516.3273797 4566
9 7  20 14 179698.73674 3249
9 8  20 20 106451.509072 4895
10 0  14 10 45181.2921636 3171
10 1  14 20 112119.335812 3130
10 2  14 12 135407.006672 3669
10 3  14 19 53488.3570265 3944
10 5  14 20 82067.4594852 3421
10 6  14 10 43101.2382689 3092
10 7  14 14 156680.159316 4345
10 8  14 20 104305.509647 3762
