Node_1 Node_2 Capacity_node1 Capacity_node2 Latency_arc node_cost
nb_nodes 11
nb_arcs 68
0 8  13 16 76316.5514827 4081
0 9  13 18 75743.4500768 4451
0 6  13 20 76317.8290673 4978
0 7  13 20 75707.2568496 4692
1 2  13 13 72473.0700292 4601
1 3  13 16 72142.2019488 3449
1 4  13 10 71884.8509913 3204
1 5  13 14 72592.9456902 4465
1 7  13 20 73745.9491223 3161
1 8  13 16 74430.9735423 4854
1 9  13 18 73727.1262584 3319
1 10  13 16 73383.0389332 3779
2 1  13 13 72473.0700292 3204
2 3  13 16 71480.8279905 4957
2 4  13 10 71217.5605761 4621
2 5  13 14 71944.5876436 4297
2 9  13 18 73112.8168436 4882
2 10  13 16 72759.5743518 4502
3 1  16 13 72142.2019488 4400
3 2  16 13 71480.8279905 4301
3 4  16 10 70891.9809511 4746
3 5  16 14 71628.7906142 4188
4 1  10 13 71884.8509913 4392
4 2  10 13 71217.5605761 3795
4 3  10 16 70891.9809511 3607
4 5  10 14 71421.3280281 3246
4 6  10 20 73333.5783844 3978
4 7  10 20 72633.5762881 4909
5 1  14 13 72592.9456902 3052
5 2  14 13 71944.5876436 4228
5 3  14 16 71628.7906142 4810
5 4  14 10 71421.3280281 4613
5 7  14 20 73314.3079702 4031
5 8  14 16 73944.4192425 4886
6 0  20 13 76317.8290673 4347
6 4  20 10 73333.5783844 3763
6 7  20 20 75136.1611091 3106
6 8  20 16 75663.3266781 4090
6 9  20 18 74996.5122509 3714
6 10  20 16 74672.2694906 4296
7 0  20 13 75707.2568496 4894
7 1  20 13 73745.9491223 4416
7 4  20 10 72633.5762881 4617
7 5  20 14 73314.3079702 4293
7 6  20 20 75136.1611091 4695
7 8  20 16 75033.9152927 3499
7 9  20 18 74348.9747068 4021
7 10  20 16 74015.0296648 3383
8 0  16 13 76316.5514827 4018
8 1  16 13 74430.9735423 3974
8 5  16 14 73944.4192425 3746
8 6  16 20 75663.3266781 3276
8 7  16 20 75033.9152927 4830
8 9  16 18 75068.1543534 4248
8 10  16 16 74739.8105188 4481
9 0  18 13 75743.4500768 3172
9 1  18 13 73727.1262584 3162
9 2  18 13 73112.8168436 3349
9 6  18 20 74996.5122509 3052
9 7  18 20 74348.9747068 4069
9 8  18 16 75068.1543534 3369
9 10  18 16 74043.7761205 4988
10 1  16 13 73383.0389332 3953
10 2  16 13 72759.5743518 4748
10 6  16 20 74672.2694906 3274
10 7  16 20 74015.0296648 4118
10 8  16 16 74739.8105188 3183
10 9  16 18 74043.7761205 4992
