Node_1 Node_2 Capacity_node1 Capacity_node2 Latency_arc node_cost
nb_nodes 10
nb_arcs 90
0 1  70 54 73383.1649784 3874
0 2  70 57 75124.0814461 3926
0 3  70 84 74431.1016141 3097
0 4  70 55 72468.9786277 4085
0 5  70 63 72159.580149 3951
0 6  70 45 71956.8833516 3635
0 7  70 86 72658.7161501 4476
0 8  70 72 74534.3510644 4155
0 9  70 79 73842.722174 3788
1 0  54 70 73383.1649784 3596
1 2  54 57 75424.6560619 4927
1 3  54 84 74739.8105188 4265
1 4  54 55 72759.5743518 4670
1 5  54 63 72495.7761543 4512
1 6  54 45 72296.0428581 3704
1 7  54 86 72877.2430412 4056
1 8  54 72 74672.2694906 4222
1 9  54 79 74159.1027132 4412
2 0  57 70 75124.0814461 3517
2 1  57 54 75424.6560619 4806
2 3  57 84 76316.5514827 3527
2 4  57 55 74544.423436 4645
2 5  57 63 74239.7162469 4987
2 6  57 45 74000.6365688 4455
2 7  57 86 74650.4332978 3896
2 8  57 72 76317.8290673 4126
2 9  57 79 75764.8928929 3003
3 0  84 70 74431.1016141 3607
3 1  84 54 74739.8105188 4738
3 2  84 57 76316.5514827 3412
3 4  84 55 73833.7159488 3025
3 5  84 63 73520.1248929 3338
3 6  84 45 73274.8347165 3024
3 7  84 86 73944.4192425 4112
3 8  84 72 75663.3266781 4705
3 9  84 79 75105.9900404 4271
4 0  55 70 72468.9786277 3607
4 1  55 54 72759.5743518 4521
4 2  55 57 74544.423436 3488
4 3  55 84 73833.7159488 3847
4 5  55 63 71502.0419678 4489
4 6  55 45 71292.8283275 4615
4 7  55 86 72013.6937822 3642
4 8  55 72 73937.849738 3167
4 9  55 79 73228.5750593 3935
5 0  63 70 72159.580149 4858
5 1  63 54 72495.7761543 4663
5 2  63 57 74239.7162469 3243
5 3  63 84 73520.1248929 4365
5 4  63 55 71502.0419678 4078
5 6  63 45 70891.9809511 4008
5 7  63 86 71628.7906142 3991
5 8  63 72 73522.1986744 3891
5 9  63 79 72906.577312 4776
6 0  45 70 71956.8833516 3288
6 1  45 54 72296.0428581 4405
6 2  45 57 74000.6365688 4888
6 3  45 84 73274.8347165 3437
6 4  45 55 71292.8283275 4424
6 5  45 63 70891.9809511 4780
6 7  45 86 71421.3280281 4346
6 8  45 72 73333.5783844 4371
6 9  45 79 72655.4129182 3935
7 0  86 70 72658.7161501 4749
7 1  86 54 72877.2430412 3445
7 2  86 57 74650.4332978 3215
7 3  86 84 73944.4192425 4650
7 4  86 55 72013.6937822 4937
7 5  86 63 71628.7906142 4007
7 6  86 45 71421.3280281 3487
7 8  86 72 73994.1896086 4583
7 9  86 79 73343.7320451 3363
8 0  72 70 74534.3510644 4642
8 1  72 54 74672.2694906 4649
8 2  72 57 76317.8290673 4177
8 3  72 84 75663.3266781 3098
8 4  72 55 73937.849738 4366
8 5  72 63 73522.1986744 4954
8 6  72 45 73333.5783844 4898
8 7  72 86 73994.1896086 3951
8 9  72 79 75111.2504409 4474
9 0  79 70 73842.722174 4291
9 1  79 54 74159.1027132 3858
9 2  79 57 75764.8928929 3342
9 3  79 84 75105.9900404 4417
9 4  79 55 73228.5750593 3170
9 5  79 63 72906.577312 3218
9 6  79 45 72655.4129182 4356
9 7  79 86 73343.7320451 3565
9 8  79 72 75111.2504409 4900
