Node_1 Node_2 Capacity_node1 Capacity_node2 Latency_arc node_cost
nb_nodes 11
nb_arcs 84
0 1  13 15 115622.513823 3599
0 2  13 10 139985.703018 3172
0 6  13 10 20949.0823374 4121
0 7  13 14 177261.048497 3300
0 8  13 15 107387.775357 4832
0 9  13 20 23388.8405682 4194
0 10  13 20 45181.2921636 3910
1 0  15 13 115622.513823 4527
1 2  15 10 87425.0978181 4381
1 3  15 15 115331.541598 3322
1 4  15 18 90263.1046148 4840
1 5  15 11 105568.346935 3198
1 7  15 14 84837.3689671 3132
1 9  15 20 116101.76818 3922
1 10  15 20 112119.335812 4126
2 0  10 13 139985.703018 4123
2 1  10 15 87425.0978181 4375
2 4  10 18 70977.4154202 3380
2 5  10 11 110038.620724 4779
2 7  10 14 61895.8737387 3823
2 8  10 15 93136.3075721 3930
2 9  10 20 138847.704634 3237
2 10  10 20 135407.006672 3648
3 1  15 15 115331.541598 4242
3 4  15 18 139873.133401 4516
3 5  15 11 85247.429908 3494
3 6  15 10 44666.9518018 4972
3 7  15 14 155536.986535 3827
3 8  15 15 107551.740223 4379
3 9  15 20 44615.9165815 4654
3 10  15 20 53488.3570265 4908
4 1  18 15 90263.1046148 3377
4 2  18 10 70977.4154202 3417
4 3  18 15 139873.133401 4328
4 5  18 11 117737.232973 3627
4 6  18 10 149359.466247 3582
4 7  18 14 47959.513139 3858
4 8  18 15 97735.7596634 3364
5 1  11 15 105568.346935 4400
5 2  11 10 110038.620724 3553
5 3  11 15 85247.429908 4824
5 4  11 18 117737.232973 4390
5 7  11 14 119867.629512 4296
5 9  11 20 79964.2221854 4298
5 10  11 20 82067.4594852 3000
6 0  10 13 20949.0823374 3690
6 3  10 15 44666.9518018 4156
6 4  10 18 149359.466247 3273
6 7  10 14 180129.722452 4587
6 8  10 15 107368.173828 3246
6 9  10 20 21516.3273797 3795
6 10  10 20 43101.2382689 3472
7 0  14 13 177261.048497 4860
7 1  14 15 84837.3689671 3759
7 2  14 10 61895.8737387 3182
7 3  14 15 155536.986535 3451
7 4  14 18 47959.513139 3745
7 5  14 11 119867.629512 3540
7 6  14 10 180129.722452 4803
7 9  14 20 179698.73674 3815
7 10  14 20 156680.159316 4410
8 0  15 13 107387.775357 3000
8 2  15 10 93136.3075721 4831
8 3  15 15 107551.740223 3794
8 4  15 18 97735.7596634 3658
8 6  15 10 107368.173828 4624
8 9  15 20 106451.509072 3518
8 10  15 20 104305.509647 3893
9 0  20 13 23388.8405682 3367
9 1  20 15 116101.76818 3864
9 2  20 10 138847.704634 3945
9 3  20 15 44615.9165815 3274
9 5  20 11 79964.2221854 4659
9 6  20 10 21516.3273797 3153
9 7  20 14 179698.73674 4633
9 8  20 15 106451.509072 4910
10 0  20 13 45181.2921636 3484
10 1  20 15 112119.335812 4236
10 2  20 10 135407.006672 3411
10 3  20 15 53488.3570265 4993
10 5  20 11 82067.4594852 3953
10 6  20 10 43101.2382689 4567
10 7  20 14 156680.159316 3137
10 8  20 15 104305.509647 4924
