Node_1 Node_2 Capacity_node1 Capacity_node2 Latency_arc node_cost
nb_nodes 16
nb_arcs 98
0 1  108 118 162827.774207 4392
0 4  108 80 138184.536012 4473
0 5  108 141 27223.5838855 4450
0 6  108 116 54059.0923854 4866
0 7  108 76 103762.810514 4769
0 11  108 98 79894.3961962 4808
0 12  108 150 158954.026972 3389
0 14  108 135 26383.5147114 4771
1 0  118 108 162827.774207 3710
1 4  118 80 61349.2864212 4001
1 5  118 141 168581.39445 3838
1 11  118 98 121222.064581 4711
1 12  118 150 49251.7622856 3585
1 14  118 135 166866.041919 3921
2 10  131 91 117012.45907 4352
2 3  131 108 21117.5968941 4170
2 5  131 141 185362.450421 3591
2 6  131 116 150060.769364 3070
2 7  131 76 95683.2936437 3628
3 2  108 131 21117.5968941 3148
3 6  108 116 148068.533302 3414
3 7  108 76 96202.1908412 3816
3 8  108 95 47756.1608584 4717
3 9  108 135 128794.241439 4609
3 10  108 91 116298.474827 4059
4 0  80 108 138184.536012 4505
4 1  80 118 61349.2864212 4520
4 11  80 98 112720.079086 4198
4 12  80 150 67464.0142372 3606
4 14  80 135 141048.444165 4864
5 0  141 108 27223.5838855 3037
5 1  141 118 168581.39445 4108
5 2  141 131 185362.450421 4759
5 6  141 116 50659.6705182 4239
5 7  141 76 104795.247341 4842
6 0  116 108 54059.0923854 4582
6 2  116 131 150060.769364 4652
6 3  116 108 148068.533302 4701
6 5  116 141 50659.6705182 4882
6 7  116 76 105291.813803 3998
6 8  116 95 135824.929964 4139
6 9  116 135 80834.6230273 4698
6 11  116 98 84659.619659 4018
6 12  116 150 139327.342599 4532
6 13  116 146 136386.043889 4238
6 14  116 135 50862.5349182 4107
7 0  76 108 103762.810514 3710
7 2  76 131 95683.2936437 4404
7 3  76 108 96202.1908412 4318
7 5  76 141 104795.247341 3530
7 6  76 116 105291.813803 4364
8 3  95 108 47756.1608584 4834
8 6  95 116 135824.929964 4556
8 9  95 135 121633.71469 4880
8 10  95 91 110761.518318 4003
8 13  95 146 56999.8591205 4560
8 14  95 135 153750.616266 4395
8 15  95 122 45811.4446236 3818
9 3  135 108 128794.241439 4230
9 6  135 116 80834.6230273 3652
9 8  135 95 121633.71469 4628
9 10  135 91 95510.6646999 4649
9 13  135 146 125294.06045 4990
9 14  135 135 71441.4438881 4706
10 8  91 95 110761.518318 4803
10 9  91 135 95510.6646999 4393
10 2  91 131 117012.45907 4480
10 3  91 108 116298.474827 4843
11 0  98 108 79894.3961962 4984
11 1  98 118 121222.064581 3415
11 4  98 80 112720.079086 3661
11 6  98 116 84659.619659 4669
11 12  98 150 116029.968232 3487
11 14  98 135 79135.6773862 4323
12 0  150 108 158954.026972 4129
12 1  150 118 49251.7622856 3335
12 4  150 80 67464.0142372 4654
12 6  150 116 139327.342599 4461
12 11  150 98 116029.968232 3635
12 13  150 146 52929.177617 3382
12 14  150 135 161695.148695 4562
13 6  146 116 136386.043889 4580
13 8  146 95 56999.8591205 4327
13 9  146 135 125294.06045 3867
13 12  146 150 52929.177617 4469
13 14  146 135 157290.76674 4847
13 15  146 122 41173.0351972 3963
14 0  135 108 26383.5147114 4606
14 1  135 118 166866.041919 4510
14 4  135 80 141048.444165 4998
14 6  135 116 50862.5349182 3371
14 8  135 95 153750.616266 3594
14 9  135 135 71441.4438881 4361
14 11  135 98 79135.6773862 3683
14 12  135 150 161695.148695 3964
14 13  135 146 157290.76674 4117
15 8  122 95 45811.4446236 4682
15 13  122 146 41173.0351972 3618
