Node_1 Node_2 Capacity_node1 Capacity_node2 Latency_arc node_cost
nb_nodes 11
nb_arcs 84
0 1  14 12 115622.513823 3971
0 2  14 15 139985.703018 3228
0 6  14 16 20949.0823374 3501
0 7  14 18 177261.048497 3324
0 8  14 19 107387.775357 4770
0 9  14 20 23388.8405682 3887
0 10  14 14 45181.2921636 4594
1 0  12 14 115622.513823 3957
1 2  12 15 87425.0978181 3046
1 3  12 17 115331.541598 4325
1 4  12 11 90263.1046148 4599
1 5  12 10 105568.346935 4143
1 7  12 18 84837.3689671 3440
1 9  12 20 116101.76818 3845
1 10  12 14 112119.335812 4224
2 0  15 14 139985.703018 4043
2 1  15 12 87425.0978181 3011
2 4  15 11 70977.4154202 4509
2 5  15 10 110038.620724 3992
2 7  15 18 61895.8737387 3365
2 8  15 19 93136.3075721 4991
2 9  15 20 138847.704634 4954
2 10  15 14 135407.006672 4530
3 1  17 12 115331.541598 4228
3 4  17 11 139873.133401 3971
3 5  17 10 85247.429908 3681
3 6  17 16 44666.9518018 4998
3 7  17 18 155536.986535 4056
3 8  17 19 107551.740223 3548
3 9  17 20 44615.9165815 4374
3 10  17 14 53488.3570265 4660
4 1  11 12 90263.1046148 4086
4 2  11 15 70977.4154202 3507
4 3  11 17 139873.133401 3375
4 5  11 10 117737.232973 3787
4 6  11 16 149359.466247 3365
4 7  11 18 47959.513139 4590
4 8  11 19 97735.7596634 4832
5 1  10 12 105568.346935 4346
5 2  10 15 110038.620724 3569
5 3  10 17 85247.429908 4072
5 4  10 11 117737.232973 4942
5 7  10 18 119867.629512 4487
5 9  10 20 79964.2221854 4244
5 10  10 14 82067.4594852 3735
6 0  16 14 20949.0823374 4583
6 3  16 17 44666.9518018 3135
6 4  16 11 149359.466247 3734
6 7  16 18 180129.722452 3789
6 8  16 19 107368.173828 4246
6 9  16 20 21516.3273797 4618
6 10  16 14 43101.2382689 3834
7 0  18 14 177261.048497 4226
7 1  18 12 84837.3689671 4208
7 2  18 15 61895.8737387 4840
7 3  18 17 155536.986535 3217
7 4  18 11 47959.513139 3974
7 5  18 10 119867.629512 4322
7 6  18 16 180129.722452 4620
7 9  18 20 179698.73674 3605
7 10  18 14 156680.159316 3968
8 0  19 14 107387.775357 4312
8 2  19 15 93136.3075721 4856
8 3  19 17 107551.740223 3377
8 4  19 11 97735.7596634 4005
8 6  19 16 107368.173828 3468
8 9  19 20 106451.509072 3620
8 10  19 14 104305.509647 4138
9 0  20 14 23388.8405682 3139
9 1  20 12 116101.76818 4936
9 2  20 15 138847.704634 3014
9 3  20 17 44615.9165815 4242
9 5  20 10 79964.2221854 4020
9 6  20 16 21516.3273797 4114
9 7  20 18 179698.73674 4435
9 8  20 19 106451.509072 3377
10 0  14 14 45181.2921636 3735
10 1  14 12 112119.335812 4473
10 2  14 15 135407.006672 4233
10 3  14 17 53488.3570265 3330
10 5  14 10 82067.4594852 3391
10 6  14 16 43101.2382689 3910
10 7  14 18 156680.159316 4213
10 8  14 19 104305.509647 4598
