Node_1 Node_2 Capacity_node1 Capacity_node2 Latency_arc node_cost
nb_nodes 17
nb_arcs 52
0 1  37 44 74541.1505882 3067
0 2  37 67 76526.0006201 4470
0 4  37 59 76234.0696126 4246
0 5  37 51 75969.6578893 3023
0 13  37 56 75307.5118139 4009
0 16  37 38 75206.5471969 3707
1 0  44 37 74541.1505882 4384
1 16  44 38 73866.8821715 4634
1 11  44 38 72801.9427632 3374
1 8  44 43 72745.7932034 3792
1 15  44 48 73680.2260192 3967
2 0  67 37 76526.0006201 3577
2 4  67 59 76894.3972004 3930
2 5  67 51 76640.6316533 4538
3 4  38 59 76961.5901127 3667
3 13  38 56 76063.3142302 4436
4 0  59 37 76234.0696126 3641
4 2  59 67 76894.3972004 4046
4 3  59 38 76961.5901127 3305
5 0  51 37 75969.6578893 3273
5 16  51 38 75331.9242497 3060
5 2  51 67 76640.6316533 3516
6 8  56 43 71578.2208884 3663
6 7  56 70 70937.2470815 3371
7 9  70 50 71265.1233782 3619
7 6  70 56 70937.2470815 4058
8 16  43 38 73530.0949585 3672
8 1  43 44 72745.7932034 4546
8 6  43 56 71578.2208884 4910
8 9  43 50 71944.6756772 3210
9 8  50 43 71944.6756772 3552
9 10  50 51 71640.8027924 4396
9 7  50 70 71265.1233782 4339
10 9  51 50 71640.8027924 4566
10 11  51 38 72113.0041485 4009
11 1  38 44 72801.9427632 4212
11 10  38 51 72113.0041485 3784
12 13  39 56 74782.8806911 4638
12 14  39 64 74603.2170409 4891
13 0  56 37 75307.5118139 3452
13 3  56 38 76063.3142302 4397
13 12  56 39 74782.8806911 4532
13 15  56 48 74477.8674734 4646
14 12  64 39 74603.2170409 4238
14 15  64 48 74295.9633534 4050
15 1  48 44 73680.2260192 3368
15 13  48 56 74477.8674734 4422
15 14  48 64 74295.9633534 4413
16 0  38 37 75206.5471969 3490
16 1  38 44 73866.8821715 3516
16 5  38 51 75331.9242497 4820
16 8  38 43 73530.0949585 4645
