Node_1 Node_2 Capacity_node1 Capacity_node2 Latency_arc node_cost
nb_nodes 16
nb_arcs 98
0 1  144 89 162827.774207 3696
0 4  144 78 138184.536012 4371
0 5  144 105 27223.5838855 4246
0 6  144 78 54059.0923854 3196
0 7  144 134 103762.810514 3079
0 11  144 94 79894.3961962 3814
0 12  144 117 158954.026972 4183
0 14  144 118 26383.5147114 4307
1 0  89 144 162827.774207 4140
1 4  89 78 61349.2864212 3819
1 5  89 105 168581.39445 3789
1 11  89 94 121222.064581 3340
1 12  89 117 49251.7622856 3106
1 14  89 118 166866.041919 3826
2 10  129 78 117012.45907 3264
2 3  129 113 21117.5968941 4672
2 5  129 105 185362.450421 3672
2 6  129 78 150060.769364 3839
2 7  129 134 95683.2936437 3584
3 2  113 129 21117.5968941 3166
3 6  113 78 148068.533302 4459
3 7  113 134 96202.1908412 3997
3 8  113 143 47756.1608584 4199
3 9  113 120 128794.241439 4330
3 10  113 78 116298.474827 4737
4 0  78 144 138184.536012 3744
4 1  78 89 61349.2864212 4996
4 11  78 94 112720.079086 3533
4 12  78 117 67464.0142372 3583
4 14  78 118 141048.444165 4779
5 0  105 144 27223.5838855 3577
5 1  105 89 168581.39445 3908
5 2  105 129 185362.450421 3121
5 6  105 78 50659.6705182 3234
5 7  105 134 104795.247341 3700
6 0  78 144 54059.0923854 4254
6 2  78 129 150060.769364 4811
6 3  78 113 148068.533302 4343
6 5  78 105 50659.6705182 4667
6 7  78 134 105291.813803 3555
6 8  78 143 135824.929964 3908
6 9  78 120 80834.6230273 4812
6 11  78 94 84659.619659 4077
6 12  78 117 139327.342599 3244
6 13  78 94 136386.043889 3073
6 14  78 118 50862.5349182 3390
7 0  134 144 103762.810514 4496
7 2  134 129 95683.2936437 3393
7 3  134 113 96202.1908412 3125
7 5  134 105 104795.247341 4525
7 6  134 78 105291.813803 3300
8 3  143 113 47756.1608584 3105
8 6  143 78 135824.929964 4360
8 9  143 120 121633.71469 3786
8 10  143 78 110761.518318 4922
8 13  143 94 56999.8591205 3840
8 14  143 118 153750.616266 3363
8 15  143 92 45811.4446236 3235
9 3  120 113 128794.241439 3744
9 6  120 78 80834.6230273 4656
9 8  120 143 121633.71469 3983
9 10  120 78 95510.6646999 4154
9 13  120 94 125294.06045 4882
9 14  120 118 71441.4438881 4297
10 8  78 143 110761.518318 4587
10 9  78 120 95510.6646999 4994
10 2  78 129 117012.45907 4657
10 3  78 113 116298.474827 3613
11 0  94 144 79894.3961962 3735
11 1  94 89 121222.064581 4873
11 4  94 78 112720.079086 4956
11 6  94 78 84659.619659 4263
11 12  94 117 116029.968232 4575
11 14  94 118 79135.6773862 4193
12 0  117 144 158954.026972 3488
12 1  117 89 49251.7622856 3427
12 4  117 78 67464.0142372 4763
12 6  117 78 139327.342599 3037
12 11  117 94 116029.968232 4413
12 13  117 94 52929.177617 3897
12 14  117 118 161695.148695 3771
13 6  94 78 136386.043889 3462
13 8  94 143 56999.8591205 4873
13 9  94 120 125294.06045 3487
13 12  94 117 52929.177617 4136
13 14  94 118 157290.76674 4705
13 15  94 92 41173.0351972 4850
14 0  118 144 26383.5147114 4804
14 1  118 89 166866.041919 4230
14 4  118 78 141048.444165 3346
14 6  118 78 50862.5349182 4674
14 8  118 143 153750.616266 4884
14 9  118 120 71441.4438881 3851
14 11  118 94 79135.6773862 4809
14 12  118 117 161695.148695 3945
14 13  118 94 157290.76674 4202
15 8  92 143 45811.4446236 3218
15 13  92 94 41173.0351972 4191
