Node_1 Node_2 Capacity_node1 Capacity_node2 Latency_arc node_cost
nb_nodes 11
nb_arcs 94
0 1  69 90 75973.1418746 3459
0 2  69 100 75267.6083316 3142
0 3  69 94 73146.2212316 4271
0 4  69 98 72840.8255108 3853
0 5  69 70 74349.2542422 3409
0 6  69 85 73601.3816169 3120
0 7  69 77 75266.4984974 3236
0 8  69 58 74761.0246471 4974
0 9  69 80 73946.3004351 3052
1 0  90 69 75973.1418746 4272
1 2  90 100 76527.3217122 3166
1 3  90 94 74529.9918039 4750
1 4  90 98 74240.097276 4181
1 5  90 70 75664.5649135 3006
1 6  90 85 74956.4468336 4111
1 7  90 77 76522.5795361 3344
1 8  90 58 76052.6922843 3105
1 9  90 80 75283.5004484 4538
2 0  100 69 75267.6083316 4188
2 1  100 90 76527.3217122 3098
2 3  100 94 73771.3927855 4225
2 4  100 98 73473.3484884 4049
2 5  100 70 74941.9681777 4645
2 6  100 85 74212.9297439 3799
2 7  100 77 75831.1509149 4276
2 8  100 58 75342.5401793 4631
2 9  100 80 74549.3839713 4788
2 10  100 68 76512.4629751 3888
3 0  94 69 73146.2212316 4818
3 1  94 90 74529.9918039 4670
3 2  94 100 73771.3927855 4786
3 4  94 98 71169.7925628 4536
3 5  94 70 72773.8029427 4298
3 6  94 85 71980.7453578 3965
3 7  94 77 73758.6286956 4788
3 8  94 58 73212.4834441 4702
3 9  94 80 72345.959919 3029
4 0  98 69 72840.8255108 3478
4 1  98 90 74240.097276 3549
4 2  98 100 73473.3484884 4676
4 3  98 94 71169.7925628 3535
4 5  98 70 72528.3865665 3690
4 6  98 85 71726.6013473 3190
4 7  98 77 73526.2558109 4359
4 8  98 58 72972.2584208 4946
4 9  98 80 72095.7377958 3449
5 0  70 69 74349.2542422 4675
5 1  70 90 75664.5649135 3756
5 2  70 100 74941.9681777 4147
5 3  70 94 72773.8029427 3996
5 4  70 98 72528.3865665 4777
5 6  70 85 73188.1632048 3734
5 7  70 77 74876.231505 3179
5 8  70 58 74362.4687093 4252
5 9  70 80 73537.2032133 3329
6 0  85 69 73601.3816169 4118
6 1  85 90 74956.4468336 4364
6 2  85 100 74212.9297439 3663
6 3  85 94 71980.7453578 4532
6 4  85 98 71726.6013473 3737
6 5  85 70 73188.1632048 3010
6 7  85 77 74247.9168092 4262
6 8  85 58 73714.6794031 4532
6 9  85 80 72864.5662145 3609
7 0  77 69 75266.4984974 3401
7 1  77 90 76522.5795361 3652
7 2  77 100 75831.1509149 3241
7 3  77 94 73758.6286956 3813
7 4  77 98 73526.2558109 4790
7 5  77 70 74876.231505 3810
7 6  77 85 74247.9168092 4665
7 8  77 58 75434.2033144 3068
7 9  77 80 74641.9400541 4032
8 0  58 69 74761.0246471 3700
8 1  58 90 76052.6922843 4173
8 2  58 100 75342.5401793 3778
8 3  58 94 73212.4834441 3401
8 4  58 98 72972.2584208 3918
8 5  58 70 74362.4687093 4843
8 6  58 85 73714.6794031 4779
8 7  58 77 75434.2033144 3884
8 9  58 80 73956.5491981 3939
9 0  80 69 73946.3004351 4880
9 1  80 90 75283.5004484 4621
9 2  80 100 74549.3839713 4687
9 3  80 94 72345.959919 3558
9 4  80 98 72095.7377958 4019
9 5  80 70 73537.2032133 4062
9 6  80 85 72864.5662145 3978
9 7  80 77 74641.9400541 4093
9 8  80 58 73956.5491981 3204
9 10  80 68 75270.8144165 3210
10 9  68 80 75270.8144165 3151
10 2  68 100 76512.4629751 3070
