Node_1 Node_2 Capacity_node1 Capacity_node2 Latency_arc node_cost
nb_nodes 11
nb_arcs 68
0 8  15 11 76316.5514827 4819
0 9  15 15 75743.4500768 3189
0 6  15 16 76317.8290673 3819
0 7  15 17 75707.2568496 4003
1 2  17 15 72473.0700292 4034
1 3  17 14 72142.2019488 4036
1 4  17 20 71884.8509913 4726
1 5  17 19 72592.9456902 3028
1 7  17 17 73745.9491223 4123
1 8  17 11 74430.9735423 3775
1 9  17 15 73727.1262584 3344
1 10  17 13 73383.0389332 4697
2 1  15 17 72473.0700292 4373
2 3  15 14 71480.8279905 3490
2 4  15 20 71217.5605761 3833
2 5  15 19 71944.5876436 3816
2 9  15 15 73112.8168436 4047
2 10  15 13 72759.5743518 4136
3 1  14 17 72142.2019488 4229
3 2  14 15 71480.8279905 4179
3 4  14 20 70891.9809511 3830
3 5  14 19 71628.7906142 3469
4 1  20 17 71884.8509913 4273
4 2  20 15 71217.5605761 3110
4 3  20 14 70891.9809511 3328
4 5  20 19 71421.3280281 3114
4 6  20 16 73333.5783844 4169
4 7  20 17 72633.5762881 3586
5 1  19 17 72592.9456902 3542
5 2  19 15 71944.5876436 4443
5 3  19 14 71628.7906142 4335
5 4  19 20 71421.3280281 3844
5 7  19 17 73314.3079702 3400
5 8  19 11 73944.4192425 4204
6 0  16 15 76317.8290673 3389
6 4  16 20 73333.5783844 4887
6 7  16 17 75136.1611091 4915
6 8  16 11 75663.3266781 3880
6 9  16 15 74996.5122509 3688
6 10  16 13 74672.2694906 4924
7 0  17 15 75707.2568496 4096
7 1  17 17 73745.9491223 4383
7 4  17 20 72633.5762881 4046
7 5  17 19 73314.3079702 3730
7 6  17 16 75136.1611091 3651
7 8  17 11 75033.9152927 4782
7 9  17 15 74348.9747068 3586
7 10  17 13 74015.0296648 4912
8 0  11 15 76316.5514827 4874
8 1  11 17 74430.9735423 3488
8 5  11 19 73944.4192425 3513
8 6  11 16 75663.3266781 4329
8 7  11 17 75033.9152927 3110
8 9  11 15 75068.1543534 4052
8 10  11 13 74739.8105188 4412
9 0  15 15 75743.4500768 3151
9 1  15 17 73727.1262584 3426
9 2  15 15 73112.8168436 3833
9 6  15 16 74996.5122509 3248
9 7  15 17 74348.9747068 4683
9 8  15 11 75068.1543534 4143
9 10  15 13 74043.7761205 3630
10 1  13 17 73383.0389332 4825
10 2  13 15 72759.5743518 3275
10 6  13 16 74672.2694906 4171
10 7  13 17 74015.0296648 4258
10 8  13 11 74739.8105188 4012
10 9  13 15 74043.7761205 3541
