Node_1 Node_2 Capacity_node1 Capacity_node2 Latency_arc node_cost
nb_nodes 14
nb_arcs 42
0 1  42 52 53149.5198034 3706
0 12  42 60 58541.4366204 3735
0 13  42 63 63843.1464738 3571
1 0  52 42 53149.5198034 3768
1 11  52 39 47353.8222404 3439
1 13  52 63 61385.8732136 4363
2 11  34 39 53528.7855633 3860
2 12  34 60 60516.6028012 3556
2 7  34 50 60420.1917414 3673
3 8  53 38 59317.7103366 4060
3 9  53 62 60791.4957321 4563
3 11  53 39 52529.2132246 4231
4 10  45 62 56115.2979539 3268
4 11  45 39 48390.8291046 3194
5 10  50 62 60319.7133021 3624
5 13  50 63 65768.0843702 3126
5 7  50 50 60630.2368412 3397
6 8  62 38 61713.7872367 3118
6 9  62 62 63074.2981419 4184
6 12  62 60 62210.0811244 3842
7 2  50 34 60420.1917414 3906
7 5  50 50 60630.2368412 4013
8 10  38 62 60557.8631156 3083
8 3  38 53 59317.7103366 4694
8 6  38 62 61713.7872367 4073
9 10  62 62 61941.2239302 4257
9 3  62 53 60791.4957321 3462
9 6  62 62 63074.2981419 4368
10 8  62 38 60557.8631156 4166
10 9  62 62 61941.2239302 3330
10 4  62 45 56115.2979539 4887
10 5  62 50 60319.7133021 3711
11 1  39 52 47353.8222404 4632
11 2  39 34 53528.7855633 3309
11 3  39 53 52529.2132246 4610
11 4  39 45 48390.8291046 4020
12 0  60 42 58541.4366204 4745
12 2  60 34 60516.6028012 3652
12 6  60 62 62210.0811244 3061
13 0  63 42 63843.1464738 4546
13 1  63 52 61385.8732136 4052
13 5  63 50 65768.0843702 4508
