Node_1 Node_2 Capacity_node1 Capacity_node2 Latency_arc node_cost
nb_nodes 12
nb_arcs 30
0 1  90 80 52027.8554285 4883
1 0  80 90 52027.8554285 4995
1 11  80 57 55851.8913929 3463
1 4  80 92 49266.3153015 4213
1 5  80 81 56436.2708648 4440
2 8  65 78 62095.0425933 4463
2 5  65 81 61316.4146293 3702
3 9  69 78 58825.3989353 4252
3 10  69 94 65802.6860356 3179
3 6  69 72 60095.0809137 3409
4 1  92 80 49266.3153015 3246
4 6  92 72 52923.4705906 3900
4 7  92 86 48816.2743144 4085
5 1  81 80 56436.2708648 3405
5 2  81 65 61316.4146293 4480
5 6  81 72 59236.6697212 4658
6 3  72 69 60095.0809137 3220
6 4  72 92 52923.4705906 4925
6 5  72 81 59236.6697212 4812
7 9  86 78 54320.6623252 4394
7 4  86 92 48816.2743144 4988
8 2  78 65 62095.0425933 4655
8 11  78 57 59963.0878635 3867
9 10  78 94 64120.9171853 3635
9 3  78 69 58825.3989353 4045
9 7  78 86 54320.6623252 4199
10 9  94 78 64120.9171853 3860
10 3  94 69 65802.6860356 3904
11 8  57 78 59963.0878635 3223
11 1  57 80 55851.8913929 3052
