Node_1 Node_2 Capacity_node1 Capacity_node2 Latency_arc node_cost
nb_nodes 17
nb_arcs 52
0 1  35 36 74541.1505882 4545
0 2  35 36 76526.0006201 4849
0 4  35 46 76234.0696126 4216
0 5  35 64 75969.6578893 4591
0 13  35 49 75307.5118139 4821
0 16  35 45 75206.5471969 4972
1 0  36 35 74541.1505882 3439
1 16  36 45 73866.8821715 4656
1 11  36 61 72801.9427632 3520
1 8  36 35 72745.7932034 4528
1 15  36 65 73680.2260192 3613
2 0  36 35 76526.0006201 4229
2 4  36 46 76894.3972004 4236
2 5  36 64 76640.6316533 4066
3 4  69 46 76961.5901127 4362
3 13  69 49 76063.3142302 4417
4 0  46 35 76234.0696126 4273
4 2  46 36 76894.3972004 4357
4 3  46 69 76961.5901127 4298
5 0  64 35 75969.6578893 3212
5 16  64 45 75331.9242497 4757
5 2  64 36 76640.6316533 4049
6 8  57 35 71578.2208884 3607
6 7  57 36 70937.2470815 3090
7 9  36 65 71265.1233782 4363
7 6  36 57 70937.2470815 4081
8 16  35 45 73530.0949585 4180
8 1  35 36 72745.7932034 4856
8 6  35 57 71578.2208884 4994
8 9  35 65 71944.6756772 4040
9 8  65 35 71944.6756772 3434
9 10  65 44 71640.8027924 4398
9 7  65 36 71265.1233782 3866
10 9  44 65 71640.8027924 3208
10 11  44 61 72113.0041485 4999
11 1  61 36 72801.9427632 3984
11 10  61 44 72113.0041485 4433
12 13  50 49 74782.8806911 3616
12 14  50 54 74603.2170409 3334
13 0  49 35 75307.5118139 3026
13 3  49 69 76063.3142302 3594
13 12  49 50 74782.8806911 3519
13 15  49 65 74477.8674734 4785
14 12  54 50 74603.2170409 4613
14 15  54 65 74295.9633534 4885
15 1  65 36 73680.2260192 3231
15 13  65 49 74477.8674734 3815
15 14  65 54 74295.9633534 4856
16 0  45 35 75206.5471969 4693
16 1  45 36 73866.8821715 3804
16 5  45 64 75331.9242497 4353
16 8  45 35 73530.0949585 4998
