Node_1 Node_2 Capacity_node1 Capacity_node2 Latency_arc node_cost
nb_nodes 17
nb_arcs 52
0 1  47 67 74541.1505882 4645
0 2  47 65 76526.0006201 4144
0 4  47 67 76234.0696126 4411
0 5  47 56 75969.6578893 3435
0 13  47 36 75307.5118139 3958
0 16  47 52 75206.5471969 3076
1 0  67 47 74541.1505882 4975
1 16  67 52 73866.8821715 4510
1 11  67 42 72801.9427632 3234
1 8  67 48 72745.7932034 4704
1 15  67 67 73680.2260192 3121
2 0  65 47 76526.0006201 4818
2 4  65 67 76894.3972004 3065
2 5  65 56 76640.6316533 4077
3 4  52 67 76961.5901127 3197
3 13  52 36 76063.3142302 4718
4 0  67 47 76234.0696126 3966
4 2  67 65 76894.3972004 3525
4 3  67 52 76961.5901127 4956
5 0  56 47 75969.6578893 4990
5 16  56 52 75331.9242497 3438
5 2  56 65 76640.6316533 4338
6 8  65 48 71578.2208884 3898
6 7  65 61 70937.2470815 4336
7 9  61 59 71265.1233782 4341
7 6  61 65 70937.2470815 3455
8 16  48 52 73530.0949585 4078
8 1  48 67 72745.7932034 3570
8 6  48 65 71578.2208884 3854
8 9  48 59 71944.6756772 4337
9 8  59 48 71944.6756772 3150
9 10  59 47 71640.8027924 4768
9 7  59 61 71265.1233782 4645
10 9  47 59 71640.8027924 3938
10 11  47 42 72113.0041485 3159
11 1  42 67 72801.9427632 3373
11 10  42 47 72113.0041485 4428
12 13  50 36 74782.8806911 3135
12 14  50 63 74603.2170409 4071
13 0  36 47 75307.5118139 4865
13 3  36 52 76063.3142302 3037
13 12  36 50 74782.8806911 4380
13 15  36 67 74477.8674734 3448
14 12  63 50 74603.2170409 3130
14 15  63 67 74295.9633534 3927
15 1  67 67 73680.2260192 4217
15 13  67 36 74477.8674734 3381
15 14  67 63 74295.9633534 4982
16 0  52 47 75206.5471969 3890
16 1  52 67 73866.8821715 3099
16 5  52 56 75331.9242497 4049
16 8  52 48 73530.0949585 4196
