Node_1 Node_2 Capacity_node1 Capacity_node2 Latency_arc node_cost
nb_nodes 17
nb_arcs 52
0 1  57 43 74541.1505882 4775
0 2  57 49 76526.0006201 4947
0 4  57 48 76234.0696126 3201
0 5  57 53 75969.6578893 4763
0 13  57 59 75307.5118139 3044
0 16  57 51 75206.5471969 3344
1 0  43 57 74541.1505882 4307
1 16  43 51 73866.8821715 3519
1 11  43 58 72801.9427632 3388
1 8  43 47 72745.7932034 4352
1 15  43 40 73680.2260192 4699
2 0  49 57 76526.0006201 4305
2 4  49 48 76894.3972004 3911
2 5  49 53 76640.6316533 3967
3 4  43 48 76961.5901127 3110
3 13  43 59 76063.3142302 3681
4 0  48 57 76234.0696126 3108
4 2  48 49 76894.3972004 3247
4 3  48 43 76961.5901127 4256
5 0  53 57 75969.6578893 4110
5 16  53 51 75331.9242497 3445
5 2  53 49 76640.6316533 4105
6 8  68 47 71578.2208884 3408
6 7  68 69 70937.2470815 3272
7 9  69 47 71265.1233782 3914
7 6  69 68 70937.2470815 4027
8 16  47 51 73530.0949585 4579
8 1  47 43 72745.7932034 4936
8 6  47 68 71578.2208884 4528
8 9  47 47 71944.6756772 4502
9 8  47 47 71944.6756772 3069
9 10  47 38 71640.8027924 4424
9 7  47 69 71265.1233782 3899
10 9  38 47 71640.8027924 4648
10 11  38 58 72113.0041485 4975
11 1  58 43 72801.9427632 3410
11 10  58 38 72113.0041485 3849
12 13  41 59 74782.8806911 4896
12 14  41 55 74603.2170409 4529
13 0  59 57 75307.5118139 4023
13 3  59 43 76063.3142302 4341
13 12  59 41 74782.8806911 3077
13 15  59 40 74477.8674734 4911
14 12  55 41 74603.2170409 3826
14 15  55 40 74295.9633534 3949
15 1  40 43 73680.2260192 4834
15 13  40 59 74477.8674734 4312
15 14  40 55 74295.9633534 3372
16 0  51 57 75206.5471969 4341
16 1  51 43 73866.8821715 4236
16 5  51 53 75331.9242497 3632
16 8  51 47 73530.0949585 3703
