Node_1 Node_2 Capacity_node1 Capacity_node2 Latency_arc node_cost
nb_nodes 16
nb_arcs 98
0 1  88 102 162827.774207 3535
0 4  88 85 138184.536012 3365
0 5  88 107 27223.5838855 4485
0 6  88 138 54059.0923854 3004
0 7  88 129 103762.810514 4797
0 11  88 83 79894.3961962 4649
0 12  88 140 158954.026972 4204
0 14  88 81 26383.5147114 3201
1 0  102 88 162827.774207 3748
1 4  102 85 61349.2864212 4911
1 5  102 107 168581.39445 4032
1 11  102 83 121222.064581 3898
1 12  102 140 49251.7622856 3258
1 14  102 81 166866.041919 3748
2 10  120 145 117012.45907 3044
2 3  120 105 21117.5968941 3912
2 5  120 107 185362.450421 3518
2 6  120 138 150060.769364 3146
2 7  120 129 95683.2936437 3484
3 2  105 120 21117.5968941 3693
3 6  105 138 148068.533302 3642
3 7  105 129 96202.1908412 4143
3 8  105 102 47756.1608584 4593
3 9  105 97 128794.241439 4342
3 10  105 145 116298.474827 4058
4 0  85 88 138184.536012 4462
4 1  85 102 61349.2864212 3192
4 11  85 83 112720.079086 3500
4 12  85 140 67464.0142372 4904
4 14  85 81 141048.444165 4213
5 0  107 88 27223.5838855 3660
5 1  107 102 168581.39445 3326
5 2  107 120 185362.450421 3790
5 6  107 138 50659.6705182 4114
5 7  107 129 104795.247341 4711
6 0  138 88 54059.0923854 4483
6 2  138 120 150060.769364 4813
6 3  138 105 148068.533302 3564
6 5  138 107 50659.6705182 4635
6 7  138 129 105291.813803 4473
6 8  138 102 135824.929964 4316
6 9  138 97 80834.6230273 4793
6 11  138 83 84659.619659 4528
6 12  138 140 139327.342599 3975
6 13  138 100 136386.043889 3873
6 14  138 81 50862.5349182 4153
7 0  129 88 103762.810514 4121
7 2  129 120 95683.2936437 3431
7 3  129 105 96202.1908412 3929
7 5  129 107 104795.247341 3259
7 6  129 138 105291.813803 3074
8 3  102 105 47756.1608584 4285
8 6  102 138 135824.929964 4349
8 9  102 97 121633.71469 4049
8 10  102 145 110761.518318 3510
8 13  102 100 56999.8591205 3791
8 14  102 81 153750.616266 3513
8 15  102 102 45811.4446236 3117
9 3  97 105 128794.241439 3424
9 6  97 138 80834.6230273 4115
9 8  97 102 121633.71469 3881
9 10  97 145 95510.6646999 3648
9 13  97 100 125294.06045 4849
9 14  97 81 71441.4438881 3150
10 8  145 102 110761.518318 3261
10 9  145 97 95510.6646999 4031
10 2  145 120 117012.45907 3001
10 3  145 105 116298.474827 3108
11 0  83 88 79894.3961962 3976
11 1  83 102 121222.064581 4759
11 4  83 85 112720.079086 4669
11 6  83 138 84659.619659 3209
11 12  83 140 116029.968232 4721
11 14  83 81 79135.6773862 4201
12 0  140 88 158954.026972 4953
12 1  140 102 49251.7622856 3152
12 4  140 85 67464.0142372 3503
12 6  140 138 139327.342599 4083
12 11  140 83 116029.968232 4242
12 13  140 100 52929.177617 4504
12 14  140 81 161695.148695 4853
13 6  100 138 136386.043889 4606
13 8  100 102 56999.8591205 4868
13 9  100 97 125294.06045 4642
13 12  100 140 52929.177617 3986
13 14  100 81 157290.76674 3480
13 15  100 102 41173.0351972 3598
14 0  81 88 26383.5147114 3306
14 1  81 102 166866.041919 4240
14 4  81 85 141048.444165 3829
14 6  81 138 50862.5349182 3948
14 8  81 102 153750.616266 3496
14 9  81 97 71441.4438881 4462
14 11  81 83 79135.6773862 3203
14 12  81 140 161695.148695 4883
14 13  81 100 157290.76674 3538
15 8  102 102 45811.4446236 3503
15 13  102 100 41173.0351972 4016
