Node_1 Node_2 Capacity_node1 Capacity_node2 Latency_arc node_cost
nb_nodes 16
nb_arcs 98
0 1  97 143 162827.774207 3526
0 4  97 141 138184.536012 3737
0 5  97 97 27223.5838855 3360
0 6  97 115 54059.0923854 4796
0 7  97 150 103762.810514 4617
0 11  97 112 79894.3961962 4200
0 12  97 130 158954.026972 3148
0 14  97 76 26383.5147114 3363
1 0  143 97 162827.774207 4899
1 4  143 141 61349.2864212 4795
1 5  143 97 168581.39445 4732
1 11  143 112 121222.064581 4148
1 12  143 130 49251.7622856 3393
1 14  143 76 166866.041919 4464
2 10  108 138 117012.45907 3981
2 3  108 77 21117.5968941 4136
2 5  108 97 185362.450421 4431
2 6  108 115 150060.769364 3195
2 7  108 150 95683.2936437 3309
3 2  77 108 21117.5968941 3195
3 6  77 115 148068.533302 4872
3 7  77 150 96202.1908412 3236
3 8  77 117 47756.1608584 4711
3 9  77 111 128794.241439 3146
3 10  77 138 116298.474827 3858
4 0  141 97 138184.536012 3848
4 1  141 143 61349.2864212 3915
4 11  141 112 112720.079086 3628
4 12  141 130 67464.0142372 3978
4 14  141 76 141048.444165 3578
5 0  97 97 27223.5838855 4377
5 1  97 143 168581.39445 4891
5 2  97 108 185362.450421 4805
5 6  97 115 50659.6705182 4856
5 7  97 150 104795.247341 3082
6 0  115 97 54059.0923854 4096
6 2  115 108 150060.769364 3212
6 3  115 77 148068.533302 4371
6 5  115 97 50659.6705182 3270
6 7  115 150 105291.813803 4678
6 8  115 117 135824.929964 4601
6 9  115 111 80834.6230273 3683
6 11  115 112 84659.619659 4099
6 12  115 130 139327.342599 3630
6 13  115 95 136386.043889 3915
6 14  115 76 50862.5349182 3290
7 0  150 97 103762.810514 4841
7 2  150 108 95683.2936437 4857
7 3  150 77 96202.1908412 4556
7 5  150 97 104795.247341 4926
7 6  150 115 105291.813803 4041
8 3  117 77 47756.1608584 4946
8 6  117 115 135824.929964 4451
8 9  117 111 121633.71469 4748
8 10  117 138 110761.518318 4084
8 13  117 95 56999.8591205 3316
8 14  117 76 153750.616266 4841
8 15  117 114 45811.4446236 3082
9 3  111 77 128794.241439 4606
9 6  111 115 80834.6230273 4955
9 8  111 117 121633.71469 4270
9 10  111 138 95510.6646999 3944
9 13  111 95 125294.06045 3382
9 14  111 76 71441.4438881 4957
10 8  138 117 110761.518318 4817
10 9  138 111 95510.6646999 3520
10 2  138 108 117012.45907 3618
10 3  138 77 116298.474827 3938
11 0  112 97 79894.3961962 4669
11 1  112 143 121222.064581 3585
11 4  112 141 112720.079086 4592
11 6  112 115 84659.619659 3153
11 12  112 130 116029.968232 4972
11 14  112 76 79135.6773862 3680
12 0  130 97 158954.026972 4824
12 1  130 143 49251.7622856 3784
12 4  130 141 67464.0142372 3869
12 6  130 115 139327.342599 4131
12 11  130 112 116029.968232 4908
12 13  130 95 52929.177617 3766
12 14  130 76 161695.148695 3467
13 6  95 115 136386.043889 4272
13 8  95 117 56999.8591205 4322
13 9  95 111 125294.06045 4263
13 12  95 130 52929.177617 4009
13 14  95 76 157290.76674 3044
13 15  95 114 41173.0351972 4452
14 0  76 97 26383.5147114 3685
14 1  76 143 166866.041919 4852
14 4  76 141 141048.444165 4144
14 6  76 115 50862.5349182 4912
14 8  76 117 153750.616266 4011
14 9  76 111 71441.4438881 3993
14 11  76 112 79135.6773862 3759
14 12  76 130 161695.148695 4757
14 13  76 95 157290.76674 3625
15 8  114 117 45811.4446236 3221
15 13  114 95 41173.0351972 4397
