Node_1 Node_2 Capacity_node1 Capacity_node2 Latency_arc node_cost
nb_nodes 11
nb_arcs 84
0 1  11 20 115622.513823 3617
0 2  11 16 139985.703018 4073
0 6  11 16 20949.0823374 3491
0 7  11 15 177261.048497 3445
0 8  11 18 107387.775357 3845
0 9  11 20 23388.8405682 4867
0 10  11 18 45181.2921636 3259
1 0  20 11 115622.513823 4362
1 2  20 16 87425.0978181 4419
1 3  20 16 115331.541598 3046
1 4  20 15 90263.1046148 3023
1 5  20 14 105568.346935 4035
1 7  20 15 84837.3689671 3419
1 9  20 20 116101.76818 3081
1 10  20 18 112119.335812 4134
2 0  16 11 139985.703018 4464
2 1  16 20 87425.0978181 4912
2 4  16 15 70977.4154202 3334
2 5  16 14 110038.620724 4965
2 7  16 15 61895.8737387 4452
2 8  16 18 93136.3075721 4196
2 9  16 20 138847.704634 4074
2 10  16 18 135407.006672 4974
3 1  16 20 115331.541598 4013
3 4  16 15 139873.133401 4756
3 5  16 14 85247.429908 3269
3 6  16 16 44666.9518018 3923
3 7  16 15 155536.986535 3961
3 8  16 18 107551.740223 3286
3 9  16 20 44615.9165815 3637
3 10  16 18 53488.3570265 4386
4 1  15 20 90263.1046148 4117
4 2  15 16 70977.4154202 4766
4 3  15 16 139873.133401 3252
4 5  15 14 117737.232973 3288
4 6  15 16 149359.466247 4942
4 7  15 15 47959.513139 4051
4 8  15 18 97735.7596634 4509
5 1  14 20 105568.346935 4895
5 2  14 16 110038.620724 3117
5 3  14 16 85247.429908 3385
5 4  14 15 117737.232973 4993
5 7  14 15 119867.629512 4421
5 9  14 20 79964.2221854 3608
5 10  14 18 82067.4594852 3388
6 0  16 11 20949.0823374 3264
6 3  16 16 44666.9518018 3654
6 4  16 15 149359.466247 3050
6 7  16 15 180129.722452 3563
6 8  16 18 107368.173828 4603
6 9  16 20 21516.3273797 4213
6 10  16 18 43101.2382689 3319
7 0  15 11 177261.048497 3590
7 1  15 20 84837.3689671 4077
7 2  15 16 61895.8737387 3117
7 3  15 16 155536.986535 4268
7 4  15 15 47959.513139 3882
7 5  15 14 119867.629512 3032
7 6  15 16 180129.722452 3797
7 9  15 20 179698.73674 4311
7 10  15 18 156680.159316 3305
8 0  18 11 107387.775357 3120
8 2  18 16 93136.3075721 3178
8 3  18 16 107551.740223 3847
8 4  18 15 97735.7596634 3178
8 6  18 16 107368.173828 3970
8 9  18 20 106451.509072 4780
8 10  18 18 104305.509647 4857
9 0  20 11 23388.8405682 4159
9 1  20 20 116101.76818 4046
9 2  20 16 138847.704634 4090
9 3  20 16 44615.9165815 4214
9 5  20 14 79964.2221854 3561
9 6  20 16 21516.3273797 3963
9 7  20 15 179698.73674 4746
9 8  20 18 106451.509072 4502
10 0  18 11 45181.2921636 3229
10 1  18 20 112119.335812 4542
10 2  18 16 135407.006672 4354
10 3  18 16 53488.3570265 4992
10 5  18 14 82067.4594852 3962
10 6  18 16 43101.2382689 3251
10 7  18 15 156680.159316 4320
10 8  18 18 104305.509647 3744
