Node_1 Node_2 Capacity_node1 Capacity_node2 Latency_arc node_cost
nb_nodes 10
nb_arcs 90
0 1  86 89 73383.1649784 3723
0 2  86 46 75124.0814461 3756
0 3  86 45 74431.1016141 3216
0 4  86 60 72468.9786277 4618
0 5  86 78 72159.580149 3431
0 6  86 70 71956.8833516 4226
0 7  86 70 72658.7161501 3086
0 8  86 62 74534.3510644 4919
0 9  86 90 73842.722174 4846
1 0  89 86 73383.1649784 4050
1 2  89 46 75424.6560619 4717
1 3  89 45 74739.8105188 4059
1 4  89 60 72759.5743518 3408
1 5  89 78 72495.7761543 4393
1 6  89 70 72296.0428581 4931
1 7  89 70 72877.2430412 4513
1 8  89 62 74672.2694906 4430
1 9  89 90 74159.1027132 3220
2 0  46 86 75124.0814461 3522
2 1  46 89 75424.6560619 3134
2 3  46 45 76316.5514827 3306
2 4  46 60 74544.423436 4679
2 5  46 78 74239.7162469 4181
2 6  46 70 74000.6365688 3408
2 7  46 70 74650.4332978 4958
2 8  46 62 76317.8290673 4777
2 9  46 90 75764.8928929 4786
3 0  45 86 74431.1016141 3505
3 1  45 89 74739.8105188 3571
3 2  45 46 76316.5514827 4718
3 4  45 60 73833.7159488 3453
3 5  45 78 73520.1248929 3112
3 6  45 70 73274.8347165 4057
3 7  45 70 73944.4192425 3263
3 8  45 62 75663.3266781 3769
3 9  45 90 75105.9900404 4658
4 0  60 86 72468.9786277 4575
4 1  60 89 72759.5743518 4326
4 2  60 46 74544.423436 3936
4 3  60 45 73833.7159488 4006
4 5  60 78 71502.0419678 3800
4 6  60 70 71292.8283275 4772
4 7  60 70 72013.6937822 4917
4 8  60 62 73937.849738 4782
4 9  60 90 73228.5750593 3689
5 0  78 86 72159.580149 3690
5 1  78 89 72495.7761543 4805
5 2  78 46 74239.7162469 3158
5 3  78 45 73520.1248929 3048
5 4  78 60 71502.0419678 4831
5 6  78 70 70891.9809511 4177
5 7  78 70 71628.7906142 4115
5 8  78 62 73522.1986744 4514
5 9  78 90 72906.577312 3925
6 0  70 86 71956.8833516 3256
6 1  70 89 72296.0428581 3801
6 2  70 46 74000.6365688 4970
6 3  70 45 73274.8347165 3245
6 4  70 60 71292.8283275 3798
6 5  70 78 70891.9809511 3597
6 7  70 70 71421.3280281 3428
6 8  70 62 73333.5783844 3785
6 9  70 90 72655.4129182 3835
7 0  70 86 72658.7161501 4532
7 1  70 89 72877.2430412 4550
7 2  70 46 74650.4332978 4864
7 3  70 45 73944.4192425 4923
7 4  70 60 72013.6937822 3747
7 5  70 78 71628.7906142 4600
7 6  70 70 71421.3280281 3891
7 8  70 62 73994.1896086 4576
7 9  70 90 73343.7320451 3692
8 0  62 86 74534.3510644 3329
8 1  62 89 74672.2694906 4684
8 2  62 46 76317.8290673 4434
8 3  62 45 75663.3266781 3320
8 4  62 60 73937.849738 3215
8 5  62 78 73522.1986744 4688
8 6  62 70 73333.5783844 3381
8 7  62 70 73994.1896086 3006
8 9  62 90 75111.2504409 4599
9 0  90 86 73842.722174 3614
9 1  90 89 74159.1027132 4663
9 2  90 46 75764.8928929 4863
9 3  90 45 75105.9900404 4768
9 4  90 60 73228.5750593 4290
9 5  90 78 72906.577312 4175
9 6  90 70 72655.4129182 4461
9 7  90 70 73343.7320451 3276
9 8  90 62 75111.2504409 3536
