Node_1 Node_2 Capacity_node1 Capacity_node2 Latency_arc node_cost
nb_nodes 12
nb_arcs 36
0 10  41 34 76767.7258777 3114
0 2  41 40 77947.1011044 4791
0 5  41 52 77237.4747537 3611
1 2  41 40 77322.2751168 4958
1 10  41 34 76110.0177003 3323
1 7  41 35 76279.2152605 4263
2 0  40 41 77947.1011044 3105
2 1  40 41 77322.2751168 4312
2 9  40 51 77486.7413417 4348
3 11  30 36 73886.4183763 3388
3 4  30 36 73188.8767761 3309
3 6  30 43 74218.1693045 4476
4 8  36 42 72994.2850806 4512
4 10  36 34 74344.1809836 4295
4 3  36 30 73188.8767761 3799
5 8  52 42 74930.9653269 3617
5 0  52 41 77237.4747537 4089
5 10  52 34 76178.6770291 3461
6 11  43 36 74722.4290304 4093
6 10  43 34 75314.1347467 4227
6 3  43 30 74218.1693045 4389
7 1  35 41 76279.2152605 3399
7 11  35 36 75107.240884 3278
7 9  35 51 76470.5442206 4854
8 4  42 36 72994.2850806 3885
8 5  42 52 74930.9653269 4832
9 2  51 40 77486.7413417 4076
9 7  51 35 76470.5442206 4179
10 0  34 41 76767.7258777 3171
10 1  34 41 76110.0177003 3841
10 4  34 36 74344.1809836 4420
10 5  34 52 76178.6770291 4877
10 6  34 43 75314.1347467 3417
11 3  36 30 73886.4183763 4505
11 6  36 43 74722.4290304 4497
11 7  36 35 75107.240884 3555
