Node_1 Node_2 Capacity_node1 Capacity_node2 Latency_arc node_cost
nb_nodes 12
nb_arcs 30
0 1  89 56 52027.8554285 3735
1 0  56 89 52027.8554285 4446
1 11  56 88 55851.8913929 4312
1 4  56 95 49266.3153015 4216
1 5  56 96 56436.2708648 3265
2 8  95 109 62095.0425933 3760
2 5  95 96 61316.4146293 3427
3 9  89 82 58825.3989353 4449
3 10  89 92 65802.6860356 3299
3 6  89 79 60095.0809137 4706
4 1  95 56 49266.3153015 4079
4 6  95 79 52923.4705906 3104
4 7  95 65 48816.2743144 3063
5 1  96 56 56436.2708648 3666
5 2  96 95 61316.4146293 3063
5 6  96 79 59236.6697212 4724
6 3  79 89 60095.0809137 3639
6 4  79 95 52923.4705906 4739
6 5  79 96 59236.6697212 4160
7 9  65 82 54320.6623252 4498
7 4  65 95 48816.2743144 4623
8 2  109 95 62095.0425933 3619
8 11  109 88 59963.0878635 3394
9 10  82 92 64120.9171853 3160
9 3  82 89 58825.3989353 4011
9 7  82 65 54320.6623252 3857
10 9  92 82 64120.9171853 3709
10 3  92 89 65802.6860356 4434
11 8  88 109 59963.0878635 4860
11 1  88 56 55851.8913929 4147
