Node_1 Node_2 Capacity_node1 Capacity_node2 Latency_arc node_cost
nb_nodes 12
nb_arcs 30
0 1  95 83 52027.8554285 3396
1 0  83 95 52027.8554285 3978
1 11  83 87 55851.8913929 3384
1 4  83 61 49266.3153015 4579
1 5  83 84 56436.2708648 3896
2 8  99 94 62095.0425933 4081
2 5  99 84 61316.4146293 4408
3 9  106 103 58825.3989353 3549
3 10  106 93 65802.6860356 3282
3 6  106 63 60095.0809137 3154
4 1  61 83 49266.3153015 3773
4 6  61 63 52923.4705906 3952
4 7  61 94 48816.2743144 4416
5 1  84 83 56436.2708648 4293
5 2  84 99 61316.4146293 3019
5 6  84 63 59236.6697212 4411
6 3  63 106 60095.0809137 3829
6 4  63 61 52923.4705906 4041
6 5  63 84 59236.6697212 3292
7 9  94 103 54320.6623252 4524
7 4  94 61 48816.2743144 3671
8 2  94 99 62095.0425933 3783
8 11  94 87 59963.0878635 3747
9 10  103 93 64120.9171853 4405
9 3  103 106 58825.3989353 4324
9 7  103 94 54320.6623252 4916
10 9  93 103 64120.9171853 4953
10 3  93 106 65802.6860356 3550
11 8  87 94 59963.0878635 3719
11 1  87 83 55851.8913929 4467
