Node_1 Node_2 Capacity_node1 Capacity_node2 Latency_arc node_cost
nb_nodes 17
nb_arcs 52
0 1  68 36 74541.1505882 3081
0 2  68 70 76526.0006201 4641
0 4  68 43 76234.0696126 3738
0 5  68 42 75969.6578893 3371
0 13  68 39 75307.5118139 3942
0 16  68 62 75206.5471969 3386
1 0  36 68 74541.1505882 4617
1 16  36 62 73866.8821715 3978
1 11  36 57 72801.9427632 4975
1 8  36 69 72745.7932034 4143
1 15  36 68 73680.2260192 4052
2 0  70 68 76526.0006201 3373
2 4  70 43 76894.3972004 3732
2 5  70 42 76640.6316533 3489
3 4  56 43 76961.5901127 3377
3 13  56 39 76063.3142302 4528
4 0  43 68 76234.0696126 4286
4 2  43 70 76894.3972004 3355
4 3  43 56 76961.5901127 3695
5 0  42 68 75969.6578893 4581
5 16  42 62 75331.9242497 4198
5 2  42 70 76640.6316533 3511
6 8  58 69 71578.2208884 3068
6 7  58 64 70937.2470815 4656
7 9  64 68 71265.1233782 4491
7 6  64 58 70937.2470815 4134
8 16  69 62 73530.0949585 3154
8 1  69 36 72745.7932034 3999
8 6  69 58 71578.2208884 4703
8 9  69 68 71944.6756772 3250
9 8  68 69 71944.6756772 3114
9 10  68 68 71640.8027924 4121
9 7  68 64 71265.1233782 4838
10 9  68 68 71640.8027924 4358
10 11  68 57 72113.0041485 3778
11 1  57 36 72801.9427632 3576
11 10  57 68 72113.0041485 4018
12 13  43 39 74782.8806911 3380
12 14  43 36 74603.2170409 4625
13 0  39 68 75307.5118139 3180
13 3  39 56 76063.3142302 4113
13 12  39 43 74782.8806911 3610
13 15  39 68 74477.8674734 3902
14 12  36 43 74603.2170409 4329
14 15  36 68 74295.9633534 3216
15 1  68 36 73680.2260192 4744
15 13  68 39 74477.8674734 3353
15 14  68 36 74295.9633534 3384
16 0  62 68 75206.5471969 3356
16 1  62 36 73866.8821715 3413
16 5  62 42 75331.9242497 3809
16 8  62 69 73530.0949585 4622
