Node_1 Node_2 Capacity_node1 Capacity_node2 Latency_arc node_cost
nb_nodes 12
nb_arcs 30
0 1  79 87 52027.8554285 3043
1 0  87 79 52027.8554285 4834
1 11  87 108 55851.8913929 3181
1 4  87 90 49266.3153015 4331
1 5  87 100 56436.2708648 3841
2 8  69 92 62095.0425933 4301
2 5  69 100 61316.4146293 4125
3 9  67 80 58825.3989353 3463
3 10  67 63 65802.6860356 3887
3 6  67 59 60095.0809137 4123
4 1  90 87 49266.3153015 4801
4 6  90 59 52923.4705906 3274
4 7  90 75 48816.2743144 3578
5 1  100 87 56436.2708648 3855
5 2  100 69 61316.4146293 3807
5 6  100 59 59236.6697212 4117
6 3  59 67 60095.0809137 3531
6 4  59 90 52923.4705906 3503
6 5  59 100 59236.6697212 3792
7 9  75 80 54320.6623252 4376
7 4  75 90 48816.2743144 3064
8 2  92 69 62095.0425933 4085
8 11  92 108 59963.0878635 3366
9 10  80 63 64120.9171853 3682
9 3  80 67 58825.3989353 3824
9 7  80 75 54320.6623252 3223
10 9  63 80 64120.9171853 4689
10 3  63 67 65802.6860356 4696
11 8  108 92 59963.0878635 3672
11 1  108 87 55851.8913929 3917
