Node_1 Node_2 Capacity_node1 Capacity_node2 Latency_arc node_cost
nb_nodes 14
nb_arcs 42
0 1  38 43 53149.5198034 3554
0 12  38 54 58541.4366204 4740
0 13  38 41 63843.1464738 4139
1 0  43 38 53149.5198034 3746
1 11  43 62 47353.8222404 4414
1 13  43 41 61385.8732136 4214
2 11  61 62 53528.7855633 4371
2 12  61 54 60516.6028012 3653
2 7  61 57 60420.1917414 4510
3 8  59 42 59317.7103366 4196
3 9  59 55 60791.4957321 3764
3 11  59 62 52529.2132246 3367
4 10  59 50 56115.2979539 4236
4 11  59 62 48390.8291046 4370
5 10  57 50 60319.7133021 3793
5 13  57 41 65768.0843702 3930
5 7  57 57 60630.2368412 4245
6 8  46 42 61713.7872367 4152
6 9  46 55 63074.2981419 4915
6 12  46 54 62210.0811244 3047
7 2  57 61 60420.1917414 3329
7 5  57 57 60630.2368412 4047
8 10  42 50 60557.8631156 3133
8 3  42 59 59317.7103366 4982
8 6  42 46 61713.7872367 4890
9 10  55 50 61941.2239302 3332
9 3  55 59 60791.4957321 3654
9 6  55 46 63074.2981419 4771
10 8  50 42 60557.8631156 4436
10 9  50 55 61941.2239302 4595
10 4  50 59 56115.2979539 3713
10 5  50 57 60319.7133021 4920
11 1  62 43 47353.8222404 3647
11 2  62 61 53528.7855633 4905
11 3  62 59 52529.2132246 3258
11 4  62 59 48390.8291046 4859
12 0  54 38 58541.4366204 4122
12 2  54 61 60516.6028012 4983
12 6  54 46 62210.0811244 4379
13 0  41 38 63843.1464738 4847
13 1  41 43 61385.8732136 4148
13 5  41 57 65768.0843702 3152
