Node_1 Node_2 Capacity_node1 Capacity_node2 Latency_arc node_cost
nb_nodes 14
nb_arcs 42
0 1  48 56 53149.5198034 4083
0 12  48 54 58541.4366204 3344
0 13  48 44 63843.1464738 4018
1 0  56 48 53149.5198034 3441
1 11  56 56 47353.8222404 3658
1 13  56 44 61385.8732136 3157
2 11  51 56 53528.7855633 3311
2 12  51 54 60516.6028012 4672
2 7  51 51 60420.1917414 4236
3 8  47 59 59317.7103366 3555
3 9  47 56 60791.4957321 4481
3 11  47 56 52529.2132246 3230
4 10  57 50 56115.2979539 3111
4 11  57 56 48390.8291046 3411
5 10  33 50 60319.7133021 3144
5 13  33 44 65768.0843702 4448
5 7  33 51 60630.2368412 4676
6 8  49 59 61713.7872367 4117
6 9  49 56 63074.2981419 4289
6 12  49 54 62210.0811244 3726
7 2  51 51 60420.1917414 4605
7 5  51 33 60630.2368412 3172
8 10  59 50 60557.8631156 4571
8 3  59 47 59317.7103366 4643
8 6  59 49 61713.7872367 4237
9 10  56 50 61941.2239302 3521
9 3  56 47 60791.4957321 4017
9 6  56 49 63074.2981419 3414
10 8  50 59 60557.8631156 4410
10 9  50 56 61941.2239302 4744
10 4  50 57 56115.2979539 4198
10 5  50 33 60319.7133021 4708
11 1  56 56 47353.8222404 4835
11 2  56 51 53528.7855633 3960
11 3  56 47 52529.2132246 3815
11 4  56 57 48390.8291046 4647
12 0  54 48 58541.4366204 3530
12 2  54 51 60516.6028012 3313
12 6  54 49 62210.0811244 4481
13 0  44 48 63843.1464738 4825
13 1  44 56 61385.8732136 4158
13 5  44 33 65768.0843702 4570
