Node_1 Node_2 Capacity_node1 Capacity_node2 Latency_arc node_cost
nb_nodes 11
nb_arcs 84
0 1  16 14 115622.513823 4115
0 2  16 15 139985.703018 3687
0 6  16 19 20949.0823374 3054
0 7  16 15 177261.048497 4716
0 8  16 17 107387.775357 3983
0 9  16 18 23388.8405682 3658
0 10  16 13 45181.2921636 4723
1 0  14 16 115622.513823 4069
1 2  14 15 87425.0978181 3008
1 3  14 17 115331.541598 4941
1 4  14 11 90263.1046148 3467
1 5  14 15 105568.346935 3718
1 7  14 15 84837.3689671 4012
1 9  14 18 116101.76818 3508
1 10  14 13 112119.335812 3026
2 0  15 16 139985.703018 3934
2 1  15 14 87425.0978181 4183
2 4  15 11 70977.4154202 4425
2 5  15 15 110038.620724 3393
2 7  15 15 61895.8737387 4370
2 8  15 17 93136.3075721 3609
2 9  15 18 138847.704634 3407
2 10  15 13 135407.006672 4797
3 1  17 14 115331.541598 4814
3 4  17 11 139873.133401 4577
3 5  17 15 85247.429908 4994
3 6  17 19 44666.9518018 4301
3 7  17 15 155536.986535 4898
3 8  17 17 107551.740223 3359
3 9  17 18 44615.9165815 3394
3 10  17 13 53488.3570265 3371
4 1  11 14 90263.1046148 4863
4 2  11 15 70977.4154202 4086
4 3  11 17 139873.133401 3726
4 5  11 15 117737.232973 4005
4 6  11 19 149359.466247 3822
4 7  11 15 47959.513139 3802
4 8  11 17 97735.7596634 4092
5 1  15 14 105568.346935 4777
5 2  15 15 110038.620724 3406
5 3  15 17 85247.429908 3862
5 4  15 11 117737.232973 3355
5 7  15 15 119867.629512 3323
5 9  15 18 79964.2221854 4417
5 10  15 13 82067.4594852 4081
6 0  19 16 20949.0823374 3584
6 3  19 17 44666.9518018 4571
6 4  19 11 149359.466247 4957
6 7  19 15 180129.722452 3488
6 8  19 17 107368.173828 3536
6 9  19 18 21516.3273797 4141
6 10  19 13 43101.2382689 4715
7 0  15 16 177261.048497 4645
7 1  15 14 84837.3689671 4819
7 2  15 15 61895.8737387 4359
7 3  15 17 155536.986535 3521
7 4  15 11 47959.513139 4948
7 5  15 15 119867.629512 4291
7 6  15 19 180129.722452 4521
7 9  15 18 179698.73674 4119
7 10  15 13 156680.159316 3771
8 0  17 16 107387.775357 4083
8 2  17 15 93136.3075721 4544
8 3  17 17 107551.740223 3055
8 4  17 11 97735.7596634 3126
8 6  17 19 107368.173828 3498
8 9  17 18 106451.509072 4372
8 10  17 13 104305.509647 3803
9 0  18 16 23388.8405682 3626
9 1  18 14 116101.76818 4928
9 2  18 15 138847.704634 4785
9 3  18 17 44615.9165815 4148
9 5  18 15 79964.2221854 3893
9 6  18 19 21516.3273797 3047
9 7  18 15 179698.73674 4397
9 8  18 17 106451.509072 3282
10 0  13 16 45181.2921636 4176
10 1  13 14 112119.335812 3772
10 2  13 15 135407.006672 4898
10 3  13 17 53488.3570265 4453
10 5  13 15 82067.4594852 4068
10 6  13 19 43101.2382689 4464
10 7  13 15 156680.159316 4725
10 8  13 17 104305.509647 3253
