Node_1 Node_2 Capacity_node1 Capacity_node2 Latency_arc node_cost
nb_nodes 15
nb_arcs 44
0 5  98 118 79414.0649117 4331
0 6  98 125 120682.601446 4596
0 7  98 75 109834.869889 3840
1 2  135 117 58702.1521584 4663
1 4  135 71 159404.510642 3602
1 5  135 118 38592.9696321 3798
2 1  117 135 58702.1521584 4585
2 4  117 71 136883.965616 4873
2 7  117 75 121567.6812 4355
3 4  71 71 55780.4062636 4438
3 5  71 118 144329.815088 3180
4 1  71 135 159404.510642 3337
4 2  71 117 136883.965616 3689
4 3  71 71 55780.4062636 3473
5 0  118 98 79414.0649117 4518
5 1  118 135 38592.9696321 4440
5 3  118 71 144329.815088 4411
5 12  118 86 131108.845336 4639
6 0  125 98 120682.601446 4858
6 9  125 91 60029.6443359 3511
6 13  125 123 144422.647365 3439
7 0  75 98 109834.869889 3546
7 8  75 91 69426.4495974 4997
7 2  75 117 121567.6812 3488
7 14  75 123 91695.1965967 4400
8 9  91 91 47972.2186757 4795
8 11  91 81 117708.618505 3263
8 14  91 123 79543.1802679 4757
8 7  91 75 69426.4495974 4873
9 8  91 91 47972.2186757 3181
9 11  91 81 111758.347397 3014
9 6  91 125 60029.6443359 3198
10 12  83 86 120531.380027 4724
10 13  83 123 65191.4944375 4506
11 8  81 91 117708.618505 3676
11 9  81 91 111758.347397 3786
12 10  86 83 120531.380027 3447
12 5  86 118 131108.845336 3031
12 13  86 123 125513.751614 4293
13 10  123 83 65191.4944375 3655
13 12  123 86 125513.751614 4752
13 6  123 125 144422.647365 3579
14 8  123 91 79543.1802679 4838
14 7  123 75 91695.1965967 4824
