Node_1 Node_2 Capacity_node1 Capacity_node2 Latency_arc node_cost
nb_nodes 14
nb_arcs 42
0 1  63 64 53149.5198034 4191
0 12  63 56 58541.4366204 3644
0 13  63 48 63843.1464738 3353
1 0  64 63 53149.5198034 4686
1 11  64 53 47353.8222404 4531
1 13  64 48 61385.8732136 3594
2 11  61 53 53528.7855633 4144
2 12  61 56 60516.6028012 4759
2 7  61 59 60420.1917414 4885
3 8  64 35 59317.7103366 4459
3 9  64 59 60791.4957321 4761
3 11  64 53 52529.2132246 4353
4 10  52 49 56115.2979539 4022
4 11  52 53 48390.8291046 3271
5 10  51 49 60319.7133021 3155
5 13  51 48 65768.0843702 4914
5 7  51 59 60630.2368412 4145
6 8  52 35 61713.7872367 3525
6 9  52 59 63074.2981419 3866
6 12  52 56 62210.0811244 4103
7 2  59 61 60420.1917414 4222
7 5  59 51 60630.2368412 3156
8 10  35 49 60557.8631156 4562
8 3  35 64 59317.7103366 3217
8 6  35 52 61713.7872367 3701
9 10  59 49 61941.2239302 3306
9 3  59 64 60791.4957321 4529
9 6  59 52 63074.2981419 4964
10 8  49 35 60557.8631156 3504
10 9  49 59 61941.2239302 4475
10 4  49 52 56115.2979539 3204
10 5  49 51 60319.7133021 4229
11 1  53 64 47353.8222404 3544
11 2  53 61 53528.7855633 3631
11 3  53 64 52529.2132246 4252
11 4  53 52 48390.8291046 4199
12 0  56 63 58541.4366204 3910
12 2  56 61 60516.6028012 4691
12 6  56 52 62210.0811244 4926
13 0  48 63 63843.1464738 4772
13 1  48 64 61385.8732136 4714
13 5  48 51 65768.0843702 3925
