Node_1 Node_2 Capacity_node1 Capacity_node2 Latency_arc node_cost
nb_nodes 14
nb_arcs 42
0 1  53 54 53149.5198034 4766
0 12  53 62 58541.4366204 3823
0 13  53 55 63843.1464738 3686
1 0  54 53 53149.5198034 4766
1 11  54 48 47353.8222404 4905
1 13  54 55 61385.8732136 4867
2 11  64 48 53528.7855633 3039
2 12  64 62 60516.6028012 4100
2 7  64 54 60420.1917414 4338
3 8  53 50 59317.7103366 3742
3 9  53 34 60791.4957321 4168
3 11  53 48 52529.2132246 3046
4 10  33 55 56115.2979539 4810
4 11  33 48 48390.8291046 3462
5 10  37 55 60319.7133021 4949
5 13  37 55 65768.0843702 4250
5 7  37 54 60630.2368412 3536
6 8  52 50 61713.7872367 4218
6 9  52 34 63074.2981419 3065
6 12  52 62 62210.0811244 4888
7 2  54 64 60420.1917414 4648
7 5  54 37 60630.2368412 4799
8 10  50 55 60557.8631156 3186
8 3  50 53 59317.7103366 4154
8 6  50 52 61713.7872367 4449
9 10  34 55 61941.2239302 4523
9 3  34 53 60791.4957321 4860
9 6  34 52 63074.2981419 4027
10 8  55 50 60557.8631156 3119
10 9  55 34 61941.2239302 4517
10 4  55 33 56115.2979539 3255
10 5  55 37 60319.7133021 3827
11 1  48 54 47353.8222404 4797
11 2  48 64 53528.7855633 4425
11 3  48 53 52529.2132246 4014
11 4  48 33 48390.8291046 3389
12 0  62 53 58541.4366204 4132
12 2  62 64 60516.6028012 4682
12 6  62 52 62210.0811244 3555
13 0  55 53 63843.1464738 4931
13 1  55 54 61385.8732136 4044
13 5  55 37 65768.0843702 3289
