Node_1 Node_2 Capacity_node1 Capacity_node2 Latency_arc node_cost
nb_nodes 11
nb_arcs 68
0 8  11 18 76316.5514827 4924
0 9  11 17 75743.4500768 3477
0 6  11 16 76317.8290673 3153
0 7  11 19 75707.2568496 4874
1 2  15 18 72473.0700292 3984
1 3  15 11 72142.2019488 3356
1 4  15 13 71884.8509913 3417
1 5  15 16 72592.9456902 4951
1 7  15 19 73745.9491223 3284
1 8  15 18 74430.9735423 4673
1 9  15 17 73727.1262584 4619
1 10  15 11 73383.0389332 4319
2 1  18 15 72473.0700292 3843
2 3  18 11 71480.8279905 3730
2 4  18 13 71217.5605761 3522
2 5  18 16 71944.5876436 4411
2 9  18 17 73112.8168436 3862
2 10  18 11 72759.5743518 4281
3 1  11 15 72142.2019488 3244
3 2  11 18 71480.8279905 3207
3 4  11 13 70891.9809511 4423
3 5  11 16 71628.7906142 4356
4 1  13 15 71884.8509913 4503
4 2  13 18 71217.5605761 3204
4 3  13 11 70891.9809511 4536
4 5  13 16 71421.3280281 3653
4 6  13 16 73333.5783844 3505
4 7  13 19 72633.5762881 4167
5 1  16 15 72592.9456902 4228
5 2  16 18 71944.5876436 3047
5 3  16 11 71628.7906142 4952
5 4  16 13 71421.3280281 3672
5 7  16 19 73314.3079702 4807
5 8  16 18 73944.4192425 4559
6 0  16 11 76317.8290673 4119
6 4  16 13 73333.5783844 4631
6 7  16 19 75136.1611091 3039
6 8  16 18 75663.3266781 4513
6 9  16 17 74996.5122509 4163
6 10  16 11 74672.2694906 3827
7 0  19 11 75707.2568496 4808
7 1  19 15 73745.9491223 4010
7 4  19 13 72633.5762881 4130
7 5  19 16 73314.3079702 4872
7 6  19 16 75136.1611091 4028
7 8  19 18 75033.9152927 4078
7 9  19 17 74348.9747068 3353
7 10  19 11 74015.0296648 4871
8 0  18 11 76316.5514827 3683
8 1  18 15 74430.9735423 3191
8 5  18 16 73944.4192425 4289
8 6  18 16 75663.3266781 4664
8 7  18 19 75033.9152927 3811
8 9  18 17 75068.1543534 3827
8 10  18 11 74739.8105188 4536
9 0  17 11 75743.4500768 3719
9 1  17 15 73727.1262584 4565
9 2  17 18 73112.8168436 4448
9 6  17 16 74996.5122509 3113
9 7  17 19 74348.9747068 3011
9 8  17 18 75068.1543534 3389
9 10  17 11 74043.7761205 4351
10 1  11 15 73383.0389332 4972
10 2  11 18 72759.5743518 3286
10 6  11 16 74672.2694906 3913
10 7  11 19 74015.0296648 3898
10 8  11 18 74739.8105188 4745
10 9  11 17 74043.7761205 4720
