Node_1 Node_2 Capacity_node1 Capacity_node2 Latency_arc node_cost
nb_nodes 10
nb_arcs 90
0 1  82 52 73383.1649784 4625
0 2  82 86 75124.0814461 3825
0 3  82 82 74431.1016141 4198
0 4  82 69 72468.9786277 4153
0 5  82 53 72159.580149 4954
0 6  82 55 71956.8833516 3266
0 7  82 82 72658.7161501 4024
0 8  82 63 74534.3510644 4812
0 9  82 83 73842.722174 3223
1 0  52 82 73383.1649784 4450
1 2  52 86 75424.6560619 3464
1 3  52 82 74739.8105188 4784
1 4  52 69 72759.5743518 4977
1 5  52 53 72495.7761543 3687
1 6  52 55 72296.0428581 4571
1 7  52 82 72877.2430412 3386
1 8  52 63 74672.2694906 3269
1 9  52 83 74159.1027132 4273
2 0  86 82 75124.0814461 4336
2 1  86 52 75424.6560619 4447
2 3  86 82 76316.5514827 3946
2 4  86 69 74544.423436 3497
2 5  86 53 74239.7162469 3552
2 6  86 55 74000.6365688 3354
2 7  86 82 74650.4332978 3872
2 8  86 63 76317.8290673 4331
2 9  86 83 75764.8928929 3068
3 0  82 82 74431.1016141 4635
3 1  82 52 74739.8105188 3897
3 2  82 86 76316.5514827 3830
3 4  82 69 73833.7159488 4045
3 5  82 53 73520.1248929 3651
3 6  82 55 73274.8347165 3730
3 7  82 82 73944.4192425 3368
3 8  82 63 75663.3266781 3039
3 9  82 83 75105.9900404 4318
4 0  69 82 72468.9786277 4783
4 1  69 52 72759.5743518 3202
4 2  69 86 74544.423436 4898
4 3  69 82 73833.7159488 4372
4 5  69 53 71502.0419678 3424
4 6  69 55 71292.8283275 4624
4 7  69 82 72013.6937822 3585
4 8  69 63 73937.849738 3965
4 9  69 83 73228.5750593 3911
5 0  53 82 72159.580149 3629
5 1  53 52 72495.7761543 4054
5 2  53 86 74239.7162469 4283
5 3  53 82 73520.1248929 3561
5 4  53 69 71502.0419678 4169
5 6  53 55 70891.9809511 3229
5 7  53 82 71628.7906142 3077
5 8  53 63 73522.1986744 4928
5 9  53 83 72906.577312 4451
6 0  55 82 71956.8833516 4670
6 1  55 52 72296.0428581 4760
6 2  55 86 74000.6365688 3184
6 3  55 82 73274.8347165 4314
6 4  55 69 71292.8283275 4689
6 5  55 53 70891.9809511 4298
6 7  55 82 71421.3280281 4154
6 8  55 63 73333.5783844 4487
6 9  55 83 72655.4129182 4808
7 0  82 82 72658.7161501 3040
7 1  82 52 72877.2430412 3638
7 2  82 86 74650.4332978 3684
7 3  82 82 73944.4192425 3318
7 4  82 69 72013.6937822 3918
7 5  82 53 71628.7906142 3360
7 6  82 55 71421.3280281 4077
7 8  82 63 73994.1896086 4275
7 9  82 83 73343.7320451 3131
8 0  63 82 74534.3510644 4272
8 1  63 52 74672.2694906 4141
8 2  63 86 76317.8290673 4309
8 3  63 82 75663.3266781 4910
8 4  63 69 73937.849738 4900
8 5  63 53 73522.1986744 4990
8 6  63 55 73333.5783844 4624
8 7  63 82 73994.1896086 4446
8 9  63 83 75111.2504409 3372
9 0  83 82 73842.722174 3523
9 1  83 52 74159.1027132 3851
9 2  83 86 75764.8928929 4285
9 3  83 82 75105.9900404 3236
9 4  83 69 73228.5750593 4575
9 5  83 53 72906.577312 4454
9 6  83 55 72655.4129182 3833
9 7  83 82 73343.7320451 4791
9 8  83 63 75111.2504409 3400
