Node_1 Node_2 Capacity_node1 Capacity_node2 Latency_arc node_cost
nb_nodes 17
nb_arcs 52
0 1  66 64 74541.1505882 4878
0 2  66 63 76526.0006201 4598
0 4  66 58 76234.0696126 4899
0 5  66 35 75969.6578893 3182
0 13  66 48 75307.5118139 4121
0 16  66 45 75206.5471969 4054
1 0  64 66 74541.1505882 4921
1 16  64 45 73866.8821715 4772
1 11  64 66 72801.9427632 4451
1 8  64 43 72745.7932034 4495
1 15  64 52 73680.2260192 3407
2 0  63 66 76526.0006201 4858
2 4  63 58 76894.3972004 4531
2 5  63 35 76640.6316533 4257
3 4  35 58 76961.5901127 4235
3 13  35 48 76063.3142302 3312
4 0  58 66 76234.0696126 4798
4 2  58 63 76894.3972004 3665
4 3  58 35 76961.5901127 4494
5 0  35 66 75969.6578893 3861
5 16  35 45 75331.9242497 4335
5 2  35 63 76640.6316533 3866
6 8  57 43 71578.2208884 3907
6 7  57 47 70937.2470815 4041
7 9  47 65 71265.1233782 3919
7 6  47 57 70937.2470815 4271
8 16  43 45 73530.0949585 3504
8 1  43 64 72745.7932034 4773
8 6  43 57 71578.2208884 4563
8 9  43 65 71944.6756772 4344
9 8  65 43 71944.6756772 4297
9 10  65 68 71640.8027924 3667
9 7  65 47 71265.1233782 3647
10 9  68 65 71640.8027924 4290
10 11  68 66 72113.0041485 4259
11 1  66 64 72801.9427632 4232
11 10  66 68 72113.0041485 3271
12 13  52 48 74782.8806911 4149
12 14  52 43 74603.2170409 3664
13 0  48 66 75307.5118139 3444
13 3  48 35 76063.3142302 4527
13 12  48 52 74782.8806911 3015
13 15  48 52 74477.8674734 3941
14 12  43 52 74603.2170409 3843
14 15  43 52 74295.9633534 3276
15 1  52 64 73680.2260192 4055
15 13  52 48 74477.8674734 3759
15 14  52 43 74295.9633534 3124
16 0  45 66 75206.5471969 4610
16 1  45 64 73866.8821715 3127
16 5  45 35 75331.9242497 3076
16 8  45 43 73530.0949585 3926
