Node_1 Node_2 Capacity_node1 Capacity_node2 Latency_arc node_cost
nb_nodes 10
nb_arcs 90
0 1  81 75 73383.1649784 4254
0 2  81 68 75124.0814461 3261
0 3  81 73 74431.1016141 4227
0 4  81 88 72468.9786277 4483
0 5  81 82 72159.580149 3205
0 6  81 75 71956.8833516 3347
0 7  81 90 72658.7161501 3832
0 8  81 72 74534.3510644 4577
0 9  81 59 73842.722174 3620
1 0  75 81 73383.1649784 4354
1 2  75 68 75424.6560619 3304
1 3  75 73 74739.8105188 4871
1 4  75 88 72759.5743518 3792
1 5  75 82 72495.7761543 3924
1 6  75 75 72296.0428581 3296
1 7  75 90 72877.2430412 4089
1 8  75 72 74672.2694906 3336
1 9  75 59 74159.1027132 3424
2 0  68 81 75124.0814461 4564
2 1  68 75 75424.6560619 3699
2 3  68 73 76316.5514827 4303
2 4  68 88 74544.423436 3438
2 5  68 82 74239.7162469 3975
2 6  68 75 74000.6365688 3397
2 7  68 90 74650.4332978 4450
2 8  68 72 76317.8290673 3082
2 9  68 59 75764.8928929 4691
3 0  73 81 74431.1016141 4065
3 1  73 75 74739.8105188 4431
3 2  73 68 76316.5514827 3052
3 4  73 88 73833.7159488 4103
3 5  73 82 73520.1248929 4040
3 6  73 75 73274.8347165 4363
3 7  73 90 73944.4192425 4105
3 8  73 72 75663.3266781 3141
3 9  73 59 75105.9900404 3048
4 0  88 81 72468.9786277 4708
4 1  88 75 72759.5743518 3868
4 2  88 68 74544.423436 3672
4 3  88 73 73833.7159488 4927
4 5  88 82 71502.0419678 3023
4 6  88 75 71292.8283275 3641
4 7  88 90 72013.6937822 3853
4 8  88 72 73937.849738 4423
4 9  88 59 73228.5750593 3420
5 0  82 81 72159.580149 4470
5 1  82 75 72495.7761543 3986
5 2  82 68 74239.7162469 3851
5 3  82 73 73520.1248929 4247
5 4  82 88 71502.0419678 4637
5 6  82 75 70891.9809511 3890
5 7  82 90 71628.7906142 4900
5 8  82 72 73522.1986744 3015
5 9  82 59 72906.577312 3568
6 0  75 81 71956.8833516 3100
6 1  75 75 72296.0428581 3846
6 2  75 68 74000.6365688 3366
6 3  75 73 73274.8347165 3729
6 4  75 88 71292.8283275 4723
6 5  75 82 70891.9809511 3605
6 7  75 90 71421.3280281 3980
6 8  75 72 73333.5783844 3249
6 9  75 59 72655.4129182 3236
7 0  90 81 72658.7161501 3940
7 1  90 75 72877.2430412 4767
7 2  90 68 74650.4332978 3149
7 3  90 73 73944.4192425 4987
7 4  90 88 72013.6937822 4680
7 5  90 82 71628.7906142 4276
7 6  90 75 71421.3280281 4115
7 8  90 72 73994.1896086 4583
7 9  90 59 73343.7320451 4599
8 0  72 81 74534.3510644 3733
8 1  72 75 74672.2694906 4923
8 2  72 68 76317.8290673 3389
8 3  72 73 75663.3266781 4511
8 4  72 88 73937.849738 4634
8 5  72 82 73522.1986744 3142
8 6  72 75 73333.5783844 3786
8 7  72 90 73994.1896086 3021
8 9  72 59 75111.2504409 3237
9 0  59 81 73842.722174 3084
9 1  59 75 74159.1027132 4711
9 2  59 68 75764.8928929 4610
9 3  59 73 75105.9900404 4207
9 4  59 88 73228.5750593 4766
9 5  59 82 72906.577312 4405
9 6  59 75 72655.4129182 3888
9 7  59 90 73343.7320451 3357
9 8  59 72 75111.2504409 3459
