Node_1 Node_2 Capacity_node1 Capacity_node2 Latency_arc node_cost
nb_nodes 17
nb_arcs 52
0 1  37 49 74541.1505882 4473
0 2  37 61 76526.0006201 3290
0 4  37 64 76234.0696126 4690
0 5  37 59 75969.6578893 4981
0 13  37 35 75307.5118139 4736
0 16  37 57 75206.5471969 4061
1 0  49 37 74541.1505882 4295
1 16  49 57 73866.8821715 4914
1 11  49 49 72801.9427632 3214
1 8  49 69 72745.7932034 3967
1 15  49 42 73680.2260192 4156
2 0  61 37 76526.0006201 4308
2 4  61 64 76894.3972004 3913
2 5  61 59 76640.6316533 3945
3 4  54 64 76961.5901127 4965
3 13  54 35 76063.3142302 3152
4 0  64 37 76234.0696126 3913
4 2  64 61 76894.3972004 3431
4 3  64 54 76961.5901127 3189
5 0  59 37 75969.6578893 3901
5 16  59 57 75331.9242497 3928
5 2  59 61 76640.6316533 3434
6 8  48 69 71578.2208884 3430
6 7  48 38 70937.2470815 3056
7 9  38 63 71265.1233782 3255
7 6  38 48 70937.2470815 4171
8 16  69 57 73530.0949585 3937
8 1  69 49 72745.7932034 4973
8 6  69 48 71578.2208884 3402
8 9  69 63 71944.6756772 4208
9 8  63 69 71944.6756772 3931
9 10  63 49 71640.8027924 3580
9 7  63 38 71265.1233782 4715
10 9  49 63 71640.8027924 3174
10 11  49 49 72113.0041485 4667
11 1  49 49 72801.9427632 3494
11 10  49 49 72113.0041485 3213
12 13  67 35 74782.8806911 4077
12 14  67 48 74603.2170409 3868
13 0  35 37 75307.5118139 4178
13 3  35 54 76063.3142302 4676
13 12  35 67 74782.8806911 4577
13 15  35 42 74477.8674734 4425
14 12  48 67 74603.2170409 4179
14 15  48 42 74295.9633534 3583
15 1  42 49 73680.2260192 3783
15 13  42 35 74477.8674734 3346
15 14  42 48 74295.9633534 4651
16 0  57 37 75206.5471969 4501
16 1  57 49 73866.8821715 4345
16 5  57 59 75331.9242497 3029
16 8  57 69 73530.0949585 3397
