Node_1 Node_2 Capacity_node1 Capacity_node2 Latency_arc node_cost
nb_nodes 11
nb_arcs 68
0 8  11 11 76316.5514827 3765
0 9  11 18 75743.4500768 3890
0 6  11 15 76317.8290673 3101
0 7  11 16 75707.2568496 4459
1 2  15 18 72473.0700292 4860
1 3  15 11 72142.2019488 4772
1 4  15 16 71884.8509913 3458
1 5  15 12 72592.9456902 4314
1 7  15 16 73745.9491223 3942
1 8  15 11 74430.9735423 4996
1 9  15 18 73727.1262584 3056
1 10  15 17 73383.0389332 4842
2 1  18 15 72473.0700292 3684
2 3  18 11 71480.8279905 4218
2 4  18 16 71217.5605761 4770
2 5  18 12 71944.5876436 3181
2 9  18 18 73112.8168436 3321
2 10  18 17 72759.5743518 4395
3 1  11 15 72142.2019488 4405
3 2  11 18 71480.8279905 4946
3 4  11 16 70891.9809511 4219
3 5  11 12 71628.7906142 3728
4 1  16 15 71884.8509913 3282
4 2  16 18 71217.5605761 4148
4 3  16 11 70891.9809511 4728
4 5  16 12 71421.3280281 4104
4 6  16 15 73333.5783844 4428
4 7  16 16 72633.5762881 3205
5 1  12 15 72592.9456902 3795
5 2  12 18 71944.5876436 4823
5 3  12 11 71628.7906142 4455
5 4  12 16 71421.3280281 3785
5 7  12 16 73314.3079702 3109
5 8  12 11 73944.4192425 4117
6 0  15 11 76317.8290673 4129
6 4  15 16 73333.5783844 3365
6 7  15 16 75136.1611091 4966
6 8  15 11 75663.3266781 3542
6 9  15 18 74996.5122509 3930
6 10  15 17 74672.2694906 4525
7 0  16 11 75707.2568496 4319
7 1  16 15 73745.9491223 4170
7 4  16 16 72633.5762881 3525
7 5  16 12 73314.3079702 4191
7 6  16 15 75136.1611091 4671
7 8  16 11 75033.9152927 3155
7 9  16 18 74348.9747068 3416
7 10  16 17 74015.0296648 3810
8 0  11 11 76316.5514827 4150
8 1  11 15 74430.9735423 3196
8 5  11 12 73944.4192425 4767
8 6  11 15 75663.3266781 3993
8 7  11 16 75033.9152927 3445
8 9  11 18 75068.1543534 4339
8 10  11 17 74739.8105188 4655
9 0  18 11 75743.4500768 4713
9 1  18 15 73727.1262584 4607
9 2  18 18 73112.8168436 3437
9 6  18 15 74996.5122509 3950
9 7  18 16 74348.9747068 3867
9 8  18 11 75068.1543534 4069
9 10  18 17 74043.7761205 4134
10 1  17 15 73383.0389332 3464
10 2  17 18 72759.5743518 3911
10 6  17 15 74672.2694906 3809
10 7  17 16 74015.0296648 4148
10 8  17 11 74739.8105188 3045
10 9  17 18 74043.7761205 3336
