Node_1 Node_2 Capacity_node1 Capacity_node2 Latency_arc node_cost
nb_nodes 11
nb_arcs 84
0 1  19 17 115622.513823 3902
0 2  19 15 139985.703018 3587
0 6  19 17 20949.0823374 3399
0 7  19 19 177261.048497 4191
0 8  19 19 107387.775357 4627
0 9  19 17 23388.8405682 3092
0 10  19 18 45181.2921636 3155
1 0  17 19 115622.513823 4261
1 2  17 15 87425.0978181 4377
1 3  17 12 115331.541598 4511
1 4  17 12 90263.1046148 3142
1 5  17 20 105568.346935 4705
1 7  17 19 84837.3689671 3010
1 9  17 17 116101.76818 4620
1 10  17 18 112119.335812 4773
2 0  15 19 139985.703018 4406
2 1  15 17 87425.0978181 4386
2 4  15 12 70977.4154202 3303
2 5  15 20 110038.620724 3452
2 7  15 19 61895.8737387 3727
2 8  15 19 93136.3075721 3644
2 9  15 17 138847.704634 4244
2 10  15 18 135407.006672 3904
3 1  12 17 115331.541598 4646
3 4  12 12 139873.133401 4319
3 5  12 20 85247.429908 4928
3 6  12 17 44666.9518018 4960
3 7  12 19 155536.986535 4314
3 8  12 19 107551.740223 3732
3 9  12 17 44615.9165815 3433
3 10  12 18 53488.3570265 4513
4 1  12 17 90263.1046148 4746
4 2  12 15 70977.4154202 4495
4 3  12 12 139873.133401 3822
4 5  12 20 117737.232973 4313
4 6  12 17 149359.466247 3964
4 7  12 19 47959.513139 3850
4 8  12 19 97735.7596634 4011
5 1  20 17 105568.346935 3474
5 2  20 15 110038.620724 3793
5 3  20 12 85247.429908 3977
5 4  20 12 117737.232973 3714
5 7  20 19 119867.629512 3861
5 9  20 17 79964.2221854 3763
5 10  20 18 82067.4594852 3009
6 0  17 19 20949.0823374 4506
6 3  17 12 44666.9518018 4218
6 4  17 12 149359.466247 4246
6 7  17 19 180129.722452 4848
6 8  17 19 107368.173828 4799
6 9  17 17 21516.3273797 3758
6 10  17 18 43101.2382689 4635
7 0  19 19 177261.048497 3756
7 1  19 17 84837.3689671 3491
7 2  19 15 61895.8737387 4590
7 3  19 12 155536.986535 4934
7 4  19 12 47959.513139 4201
7 5  19 20 119867.629512 3206
7 6  19 17 180129.722452 4434
7 9  19 17 179698.73674 4502
7 10  19 18 156680.159316 3107
8 0  19 19 107387.775357 4728
8 2  19 15 93136.3075721 3495
8 3  19 12 107551.740223 3486
8 4  19 12 97735.7596634 3029
8 6  19 17 107368.173828 4172
8 9  19 17 106451.509072 3501
8 10  19 18 104305.509647 3027
9 0  17 19 23388.8405682 4232
9 1  17 17 116101.76818 4312
9 2  17 15 138847.704634 4515
9 3  17 12 44615.9165815 3042
9 5  17 20 79964.2221854 4761
9 6  17 17 21516.3273797 4397
9 7  17 19 179698.73674 3318
9 8  17 19 106451.509072 3325
10 0  18 19 45181.2921636 4179
10 1  18 17 112119.335812 3395
10 2  18 15 135407.006672 3903
10 3  18 12 53488.3570265 3848
10 5  18 20 82067.4594852 4615
10 6  18 17 43101.2382689 3366
10 7  18 19 156680.159316 4351
10 8  18 19 104305.509647 3038
