Node_1 Node_2 Capacity_node1 Capacity_node2 Latency_arc node_cost
nb_nodes 12
nb_arcs 30
0 1  107 93 52027.8554285 3581
1 0  93 107 52027.8554285 3929
1 11  93 55 55851.8913929 3834
1 4  93 71 49266.3153015 4195
1 5  93 91 56436.2708648 3723
2 8  83 56 62095.0425933 4487
2 5  83 91 61316.4146293 4347
3 9  55 67 58825.3989353 3252
3 10  55 90 65802.6860356 3770
3 6  55 66 60095.0809137 4582
4 1  71 93 49266.3153015 4440
4 6  71 66 52923.4705906 3088
4 7  71 82 48816.2743144 3335
5 1  91 93 56436.2708648 3661
5 2  91 83 61316.4146293 4840
5 6  91 66 59236.6697212 3653
6 3  66 55 60095.0809137 4640
6 4  66 71 52923.4705906 4675
6 5  66 91 59236.6697212 3498
7 9  82 67 54320.6623252 3792
7 4  82 71 48816.2743144 4535
8 2  56 83 62095.0425933 4323
8 11  56 55 59963.0878635 4029
9 10  67 90 64120.9171853 4553
9 3  67 55 58825.3989353 3550
9 7  67 82 54320.6623252 4297
10 9  90 67 64120.9171853 3087
10 3  90 55 65802.6860356 4022
11 8  55 56 59963.0878635 4910
11 1  55 93 55851.8913929 3781
