Node_1 Node_2 Capacity_node1 Capacity_node2 Latency_arc node_cost
nb_nodes 10
nb_arcs 90
0 1  63 49 73383.1649784 4592
0 2  63 66 75124.0814461 4545
0 3  63 55 74431.1016141 4175
0 4  63 60 72468.9786277 4001
0 5  63 64 72159.580149 3258
0 6  63 68 71956.8833516 4088
0 7  63 62 72658.7161501 4479
0 8  63 72 74534.3510644 3674
0 9  63 48 73842.722174 4444
1 0  49 63 73383.1649784 4297
1 2  49 66 75424.6560619 3962
1 3  49 55 74739.8105188 4566
1 4  49 60 72759.5743518 4250
1 5  49 64 72495.7761543 4994
1 6  49 68 72296.0428581 3600
1 7  49 62 72877.2430412 4365
1 8  49 72 74672.2694906 3382
1 9  49 48 74159.1027132 3192
2 0  66 63 75124.0814461 3859
2 1  66 49 75424.6560619 4447
2 3  66 55 76316.5514827 4856
2 4  66 60 74544.423436 4772
2 5  66 64 74239.7162469 3923
2 6  66 68 74000.6365688 4716
2 7  66 62 74650.4332978 3885
2 8  66 72 76317.8290673 3876
2 9  66 48 75764.8928929 3252
3 0  55 63 74431.1016141 4292
3 1  55 49 74739.8105188 3865
3 2  55 66 76316.5514827 4950
3 4  55 60 73833.7159488 3289
3 5  55 64 73520.1248929 3041
3 6  55 68 73274.8347165 3959
3 7  55 62 73944.4192425 3196
3 8  55 72 75663.3266781 3806
3 9  55 48 75105.9900404 4810
4 0  60 63 72468.9786277 4424
4 1  60 49 72759.5743518 4397
4 2  60 66 74544.423436 4351
4 3  60 55 73833.7159488 3579
4 5  60 64 71502.0419678 4481
4 6  60 68 71292.8283275 4940
4 7  60 62 72013.6937822 4756
4 8  60 72 73937.849738 3944
4 9  60 48 73228.5750593 3061
5 0  64 63 72159.580149 4421
5 1  64 49 72495.7761543 3146
5 2  64 66 74239.7162469 3498
5 3  64 55 73520.1248929 3584
5 4  64 60 71502.0419678 3526
5 6  64 68 70891.9809511 4883
5 7  64 62 71628.7906142 4467
5 8  64 72 73522.1986744 4888
5 9  64 48 72906.577312 4243
6 0  68 63 71956.8833516 4421
6 1  68 49 72296.0428581 3100
6 2  68 66 74000.6365688 4068
6 3  68 55 73274.8347165 4658
6 4  68 60 71292.8283275 4150
6 5  68 64 70891.9809511 4320
6 7  68 62 71421.3280281 4220
6 8  68 72 73333.5783844 4866
6 9  68 48 72655.4129182 3002
7 0  62 63 72658.7161501 3297
7 1  62 49 72877.2430412 4901
7 2  62 66 74650.4332978 4558
7 3  62 55 73944.4192425 3168
7 4  62 60 72013.6937822 3405
7 5  62 64 71628.7906142 4118
7 6  62 68 71421.3280281 3547
7 8  62 72 73994.1896086 4049
7 9  62 48 73343.7320451 3033
8 0  72 63 74534.3510644 3345
8 1  72 49 74672.2694906 4137
8 2  72 66 76317.8290673 3809
8 3  72 55 75663.3266781 3881
8 4  72 60 73937.849738 3299
8 5  72 64 73522.1986744 3012
8 6  72 68 73333.5783844 4879
8 7  72 62 73994.1896086 4034
8 9  72 48 75111.2504409 3235
9 0  48 63 73842.722174 4204
9 1  48 49 74159.1027132 3452
9 2  48 66 75764.8928929 3650
9 3  48 55 75105.9900404 5000
9 4  48 60 73228.5750593 3728
9 5  48 64 72906.577312 3069
9 6  48 68 72655.4129182 4782
9 7  48 62 73343.7320451 3138
9 8  48 72 75111.2504409 3336
