Node_1 Node_2 Capacity_node1 Capacity_node2 Latency_arc node_cost
nb_nodes 12
nb_arcs 30
0 1  58 98 52027.8554285 4446
1 0  98 58 52027.8554285 3832
1 11  98 61 55851.8913929 3133
1 4  98 94 49266.3153015 3116
1 5  98 57 56436.2708648 3863
2 8  56 62 62095.0425933 3317
2 5  56 57 61316.4146293 4274
3 9  99 95 58825.3989353 4902
3 10  99 70 65802.6860356 3560
3 6  99 64 60095.0809137 4694
4 1  94 98 49266.3153015 3915
4 6  94 64 52923.4705906 3726
4 7  94 71 48816.2743144 3515
5 1  57 98 56436.2708648 3379
5 2  57 56 61316.4146293 4975
5 6  57 64 59236.6697212 4507
6 3  64 99 60095.0809137 3104
6 4  64 94 52923.4705906 3601
6 5  64 57 59236.6697212 4399
7 9  71 95 54320.6623252 4626
7 4  71 94 48816.2743144 3090
8 2  62 56 62095.0425933 3488
8 11  62 61 59963.0878635 3365
9 10  95 70 64120.9171853 3220
9 3  95 99 58825.3989353 3399
9 7  95 71 54320.6623252 4437
10 9  70 95 64120.9171853 3827
10 3  70 99 65802.6860356 3955
11 8  61 62 59963.0878635 3690
11 1  61 98 55851.8913929 4625
