Node_1 Node_2 Capacity_node1 Capacity_node2 Latency_arc node_cost
nb_nodes 11
nb_arcs 68
0 8  15 14 76316.5514827 4828
0 9  15 14 75743.4500768 4057
0 6  15 14 76317.8290673 3102
0 7  15 15 75707.2568496 3040
1 2  18 19 72473.0700292 4225
1 3  18 18 72142.2019488 4244
1 4  18 11 71884.8509913 3383
1 5  18 14 72592.9456902 3895
1 7  18 15 73745.9491223 3088
1 8  18 14 74430.9735423 3485
1 9  18 14 73727.1262584 3375
1 10  18 18 73383.0389332 3766
2 1  19 18 72473.0700292 3101
2 3  19 18 71480.8279905 4775
2 4  19 11 71217.5605761 4283
2 5  19 14 71944.5876436 3465
2 9  19 14 73112.8168436 3016
2 10  19 18 72759.5743518 3896
3 1  18 18 72142.2019488 4571
3 2  18 19 71480.8279905 3961
3 4  18 11 70891.9809511 3811
3 5  18 14 71628.7906142 3363
4 1  11 18 71884.8509913 3750
4 2  11 19 71217.5605761 4179
4 3  11 18 70891.9809511 3068
4 5  11 14 71421.3280281 4960
4 6  11 14 73333.5783844 3255
4 7  11 15 72633.5762881 4484
5 1  14 18 72592.9456902 3134
5 2  14 19 71944.5876436 3262
5 3  14 18 71628.7906142 4047
5 4  14 11 71421.3280281 3028
5 7  14 15 73314.3079702 4547
5 8  14 14 73944.4192425 4323
6 0  14 15 76317.8290673 3272
6 4  14 11 73333.5783844 3686
6 7  14 15 75136.1611091 3241
6 8  14 14 75663.3266781 3982
6 9  14 14 74996.5122509 4047
6 10  14 18 74672.2694906 4135
7 0  15 15 75707.2568496 3126
7 1  15 18 73745.9491223 3815
7 4  15 11 72633.5762881 4659
7 5  15 14 73314.3079702 4375
7 6  15 14 75136.1611091 4291
7 8  15 14 75033.9152927 4202
7 9  15 14 74348.9747068 4610
7 10  15 18 74015.0296648 3805
8 0  14 15 76316.5514827 3059
8 1  14 18 74430.9735423 4911
8 5  14 14 73944.4192425 3126
8 6  14 14 75663.3266781 4400
8 7  14 15 75033.9152927 3291
8 9  14 14 75068.1543534 4808
8 10  14 18 74739.8105188 3828
9 0  14 15 75743.4500768 3135
9 1  14 18 73727.1262584 4215
9 2  14 19 73112.8168436 4883
9 6  14 14 74996.5122509 4718
9 7  14 15 74348.9747068 4577
9 8  14 14 75068.1543534 4234
9 10  14 18 74043.7761205 4684
10 1  18 18 73383.0389332 4903
10 2  18 19 72759.5743518 4189
10 6  18 14 74672.2694906 4190
10 7  18 15 74015.0296648 3335
10 8  18 14 74739.8105188 3366
10 9  18 14 74043.7761205 3047
