Node_1 Node_2 Capacity_node1 Capacity_node2 Latency_arc node_cost
nb_nodes 15
nb_arcs 44
0 5  78 113 79414.0649117 3698
0 6  78 92 120682.601446 3945
0 7  78 111 109834.869889 3808
1 2  74 139 58702.1521584 4119
1 4  74 110 159404.510642 3822
1 5  74 113 38592.9696321 3456
2 1  139 74 58702.1521584 3879
2 4  139 110 136883.965616 4872
2 7  139 111 121567.6812 4451
3 4  112 110 55780.4062636 4867
3 5  112 113 144329.815088 3359
4 1  110 74 159404.510642 4522
4 2  110 139 136883.965616 4194
4 3  110 112 55780.4062636 4766
5 0  113 78 79414.0649117 3744
5 1  113 74 38592.9696321 4658
5 3  113 112 144329.815088 4201
5 12  113 81 131108.845336 3468
6 0  92 78 120682.601446 4478
6 9  92 75 60029.6443359 4006
6 13  92 113 144422.647365 4067
7 0  111 78 109834.869889 3899
7 8  111 73 69426.4495974 3688
7 2  111 139 121567.6812 4087
7 14  111 83 91695.1965967 3309
8 9  73 75 47972.2186757 3667
8 11  73 81 117708.618505 4546
8 14  73 83 79543.1802679 3628
8 7  73 111 69426.4495974 3771
9 8  75 73 47972.2186757 3156
9 11  75 81 111758.347397 4204
9 6  75 92 60029.6443359 3676
10 12  136 81 120531.380027 3397
10 13  136 113 65191.4944375 4234
11 8  81 73 117708.618505 4186
11 9  81 75 111758.347397 4017
12 10  81 136 120531.380027 3241
12 5  81 113 131108.845336 4094
12 13  81 113 125513.751614 3030
13 10  113 136 65191.4944375 4540
13 12  113 81 125513.751614 4606
13 6  113 92 144422.647365 4614
14 8  83 73 79543.1802679 3561
14 7  83 111 91695.1965967 4035
