Node_1 Node_2 Capacity_node1 Capacity_node2 Latency_arc node_cost
nb_nodes 11
nb_arcs 94
0 1  93 69 75973.1418746 3211
0 2  93 53 75267.6083316 3572
0 3  93 72 73146.2212316 4901
0 4  93 51 72840.8255108 4054
0 5  93 91 74349.2542422 3007
0 6  93 87 73601.3816169 4664
0 7  93 78 75266.4984974 3380
0 8  93 50 74761.0246471 4722
0 9  93 81 73946.3004351 4341
1 0  69 93 75973.1418746 3407
1 2  69 53 76527.3217122 4530
1 3  69 72 74529.9918039 3843
1 4  69 51 74240.097276 3139
1 5  69 91 75664.5649135 3957
1 6  69 87 74956.4468336 3258
1 7  69 78 76522.5795361 3488
1 8  69 50 76052.6922843 4110
1 9  69 81 75283.5004484 4572
2 0  53 93 75267.6083316 4130
2 1  53 69 76527.3217122 3955
2 3  53 72 73771.3927855 4841
2 4  53 51 73473.3484884 4294
2 5  53 91 74941.9681777 3494
2 6  53 87 74212.9297439 4839
2 7  53 78 75831.1509149 3626
2 8  53 50 75342.5401793 4074
2 9  53 81 74549.3839713 4348
2 10  53 56 76512.4629751 3107
3 0  72 93 73146.2212316 3919
3 1  72 69 74529.9918039 4506
3 2  72 53 73771.3927855 3580
3 4  72 51 71169.7925628 3270
3 5  72 91 72773.8029427 4916
3 6  72 87 71980.7453578 4517
3 7  72 78 73758.6286956 4676
3 8  72 50 73212.4834441 4515
3 9  72 81 72345.959919 3038
4 0  51 93 72840.8255108 4038
4 1  51 69 74240.097276 4798
4 2  51 53 73473.3484884 3923
4 3  51 72 71169.7925628 4736
4 5  51 91 72528.3865665 4209
4 6  51 87 71726.6013473 3718
4 7  51 78 73526.2558109 4243
4 8  51 50 72972.2584208 3291
4 9  51 81 72095.7377958 4419
5 0  91 93 74349.2542422 3375
5 1  91 69 75664.5649135 3011
5 2  91 53 74941.9681777 3017
5 3  91 72 72773.8029427 3939
5 4  91 51 72528.3865665 3078
5 6  91 87 73188.1632048 3956
5 7  91 78 74876.231505 3195
5 8  91 50 74362.4687093 4138
5 9  91 81 73537.2032133 4086
6 0  87 93 73601.3816169 3425
6 1  87 69 74956.4468336 3729
6 2  87 53 74212.9297439 3311
6 3  87 72 71980.7453578 3596
6 4  87 51 71726.6013473 4115
6 5  87 91 73188.1632048 3940
6 7  87 78 74247.9168092 4645
6 8  87 50 73714.6794031 3912
6 9  87 81 72864.5662145 4432
7 0  78 93 75266.4984974 3466
7 1  78 69 76522.5795361 4210
7 2  78 53 75831.1509149 3094
7 3  78 72 73758.6286956 3660
7 4  78 51 73526.2558109 4071
7 5  78 91 74876.231505 3517
7 6  78 87 74247.9168092 3317
7 8  78 50 75434.2033144 3988
7 9  78 81 74641.9400541 3931
8 0  50 93 74761.0246471 4728
8 1  50 69 76052.6922843 3334
8 2  50 53 75342.5401793 4084
8 3  50 72 73212.4834441 4824
8 4  50 51 72972.2584208 4091
8 5  50 91 74362.4687093 3901
8 6  50 87 73714.6794031 3635
8 7  50 78 75434.2033144 3035
8 9  50 81 73956.5491981 4870
9 0  81 93 73946.3004351 4050
9 1  81 69 75283.5004484 4354
9 2  81 53 74549.3839713 3757
9 3  81 72 72345.959919 3671
9 4  81 51 72095.7377958 3508
9 5  81 91 73537.2032133 4805
9 6  81 87 72864.5662145 4905
9 7  81 78 74641.9400541 3377
9 8  81 50 73956.5491981 4685
9 10  81 56 75270.8144165 3013
10 9  56 81 75270.8144165 4193
10 2  56 53 76512.4629751 3315
