Node_1 Node_2 Capacity_node1 Capacity_node2 Latency_arc node_cost
nb_nodes 14
nb_arcs 42
0 1  34 44 53149.5198034 4349
0 12  34 33 58541.4366204 4099
0 13  34 50 63843.1464738 3678
1 0  44 34 53149.5198034 4226
1 11  44 40 47353.8222404 4384
1 13  44 50 61385.8732136 3362
2 11  37 40 53528.7855633 4332
2 12  37 33 60516.6028012 4376
2 7  37 39 60420.1917414 3306
3 8  50 36 59317.7103366 3569
3 9  50 63 60791.4957321 4142
3 11  50 40 52529.2132246 3538
4 10  56 54 56115.2979539 3367
4 11  56 40 48390.8291046 3329
5 10  40 54 60319.7133021 3120
5 13  40 50 65768.0843702 4175
5 7  40 39 60630.2368412 3859
6 8  34 36 61713.7872367 4390
6 9  34 63 63074.2981419 4468
6 12  34 33 62210.0811244 3351
7 2  39 37 60420.1917414 3483
7 5  39 40 60630.2368412 4769
8 10  36 54 60557.8631156 3707
8 3  36 50 59317.7103366 4255
8 6  36 34 61713.7872367 3945
9 10  63 54 61941.2239302 3999
9 3  63 50 60791.4957321 3279
9 6  63 34 63074.2981419 4885
10 8  54 36 60557.8631156 3592
10 9  54 63 61941.2239302 3625
10 4  54 56 56115.2979539 3639
10 5  54 40 60319.7133021 3613
11 1  40 44 47353.8222404 4014
11 2  40 37 53528.7855633 3066
11 3  40 50 52529.2132246 4632
11 4  40 56 48390.8291046 4722
12 0  33 34 58541.4366204 3021
12 2  33 37 60516.6028012 3311
12 6  33 34 62210.0811244 4543
13 0  50 34 63843.1464738 3276
13 1  50 44 61385.8732136 3221
13 5  50 40 65768.0843702 3700
