Node_1 Node_2 Capacity_node1 Capacity_node2 Latency_arc node_cost
nb_nodes 12
nb_arcs 36
0 10  36 38 76767.7258777 4807
0 2  36 50 77947.1011044 4586
0 5  36 34 77237.4747537 3381
1 2  42 50 77322.2751168 4850
1 10  42 38 76110.0177003 3485
1 7  42 51 76279.2152605 3613
2 0  50 36 77947.1011044 3175
2 1  50 42 77322.2751168 3486
2 9  50 50 77486.7413417 4817
3 11  32 44 73886.4183763 3882
3 4  32 34 73188.8767761 3537
3 6  32 38 74218.1693045 4859
4 8  34 49 72994.2850806 4116
4 10  34 38 74344.1809836 3478
4 3  34 32 73188.8767761 3647
5 8  34 49 74930.9653269 3910
5 0  34 36 77237.4747537 3489
5 10  34 38 76178.6770291 4877
6 11  38 44 74722.4290304 4147
6 10  38 38 75314.1347467 3724
6 3  38 32 74218.1693045 3331
7 1  51 42 76279.2152605 4633
7 11  51 44 75107.240884 4135
7 9  51 50 76470.5442206 4937
8 4  49 34 72994.2850806 3153
8 5  49 34 74930.9653269 4822
9 2  50 50 77486.7413417 3000
9 7  50 51 76470.5442206 3564
10 0  38 36 76767.7258777 4106
10 1  38 42 76110.0177003 4908
10 4  38 34 74344.1809836 3527
10 5  38 34 76178.6770291 4751
10 6  38 38 75314.1347467 4311
11 3  44 32 73886.4183763 4513
11 6  44 38 74722.4290304 4810
11 7  44 51 75107.240884 4319
