Node_1 Node_2 Capacity_node1 Capacity_node2 Latency_arc node_cost
nb_nodes 12
nb_arcs 36
0 10  30 48 76767.7258777 4265
0 2  30 50 77947.1011044 4330
0 5  30 36 77237.4747537 3243
1 2  27 50 77322.2751168 4053
1 10  27 48 76110.0177003 4182
1 7  27 40 76279.2152605 3943
2 0  50 30 77947.1011044 3067
2 1  50 27 77322.2751168 4144
2 9  50 28 77486.7413417 3051
3 11  27 42 73886.4183763 4105
3 4  27 31 73188.8767761 3580
3 6  27 30 74218.1693045 3004
4 8  31 39 72994.2850806 4084
4 10  31 48 74344.1809836 3917
4 3  31 27 73188.8767761 3310
5 8  36 39 74930.9653269 3761
5 0  36 30 77237.4747537 3842
5 10  36 48 76178.6770291 4906
6 11  30 42 74722.4290304 4593
6 10  30 48 75314.1347467 3150
6 3  30 27 74218.1693045 3651
7 1  40 27 76279.2152605 4896
7 11  40 42 75107.240884 3747
7 9  40 28 76470.5442206 3826
8 4  39 31 72994.2850806 4026
8 5  39 36 74930.9653269 4332
9 2  28 50 77486.7413417 3224
9 7  28 40 76470.5442206 4251
10 0  48 30 76767.7258777 3304
10 1  48 27 76110.0177003 3315
10 4  48 31 74344.1809836 3815
10 5  48 36 76178.6770291 3748
10 6  48 30 75314.1347467 3516
11 3  42 27 73886.4183763 3744
11 6  42 30 74722.4290304 4600
11 7  42 40 75107.240884 3669
