Node_1 Node_2 Capacity_node1 Capacity_node2 Latency_arc node_cost
nb_nodes 11
nb_arcs 68
0 8  17 15 76316.5514827 3628
0 9  17 12 75743.4500768 4077
0 6  17 14 76317.8290673 4209
0 7  17 17 75707.2568496 4474
1 2  20 20 72473.0700292 4728
1 3  20 10 72142.2019488 3911
1 4  20 11 71884.8509913 4856
1 5  20 15 72592.9456902 3931
1 7  20 17 73745.9491223 3319
1 8  20 15 74430.9735423 3654
1 9  20 12 73727.1262584 4552
1 10  20 18 73383.0389332 4576
2 1  20 20 72473.0700292 3412
2 3  20 10 71480.8279905 4687
2 4  20 11 71217.5605761 4087
2 5  20 15 71944.5876436 4779
2 9  20 12 73112.8168436 3362
2 10  20 18 72759.5743518 3275
3 1  10 20 72142.2019488 3738
3 2  10 20 71480.8279905 4715
3 4  10 11 70891.9809511 4565
3 5  10 15 71628.7906142 4465
4 1  11 20 71884.8509913 4055
4 2  11 20 71217.5605761 3502
4 3  11 10 70891.9809511 4790
4 5  11 15 71421.3280281 3637
4 6  11 14 73333.5783844 4754
4 7  11 17 72633.5762881 4777
5 1  15 20 72592.9456902 3475
5 2  15 20 71944.5876436 4354
5 3  15 10 71628.7906142 4506
5 4  15 11 71421.3280281 4449
5 7  15 17 73314.3079702 4913
5 8  15 15 73944.4192425 4075
6 0  14 17 76317.8290673 4433
6 4  14 11 73333.5783844 4621
6 7  14 17 75136.1611091 4090
6 8  14 15 75663.3266781 3625
6 9  14 12 74996.5122509 4776
6 10  14 18 74672.2694906 4476
7 0  17 17 75707.2568496 4543
7 1  17 20 73745.9491223 4550
7 4  17 11 72633.5762881 4912
7 5  17 15 73314.3079702 4355
7 6  17 14 75136.1611091 3952
7 8  17 15 75033.9152927 4507
7 9  17 12 74348.9747068 4697
7 10  17 18 74015.0296648 4999
8 0  15 17 76316.5514827 3403
8 1  15 20 74430.9735423 4619
8 5  15 15 73944.4192425 3873
8 6  15 14 75663.3266781 3085
8 7  15 17 75033.9152927 3743
8 9  15 12 75068.1543534 4468
8 10  15 18 74739.8105188 3534
9 0  12 17 75743.4500768 4249
9 1  12 20 73727.1262584 3819
9 2  12 20 73112.8168436 4056
9 6  12 14 74996.5122509 3140
9 7  12 17 74348.9747068 4644
9 8  12 15 75068.1543534 4516
9 10  12 18 74043.7761205 4752
10 1  18 20 73383.0389332 3529
10 2  18 20 72759.5743518 3909
10 6  18 14 74672.2694906 3042
10 7  18 17 74015.0296648 3420
10 8  18 15 74739.8105188 3738
10 9  18 12 74043.7761205 4414
