Node_1 Node_2 Capacity_node1 Capacity_node2 Latency_arc node_cost
nb_nodes 11
nb_arcs 94
0 1  63 59 75973.1418746 3768
0 2  63 89 75267.6083316 3003
0 3  63 68 73146.2212316 3122
0 4  63 94 72840.8255108 3570
0 5  63 52 74349.2542422 4453
0 6  63 88 73601.3816169 4921
0 7  63 93 75266.4984974 3230
0 8  63 100 74761.0246471 3418
0 9  63 73 73946.3004351 3714
1 0  59 63 75973.1418746 4376
1 2  59 89 76527.3217122 4723
1 3  59 68 74529.9918039 3708
1 4  59 94 74240.097276 3784
1 5  59 52 75664.5649135 4864
1 6  59 88 74956.4468336 4398
1 7  59 93 76522.5795361 4218
1 8  59 100 76052.6922843 3226
1 9  59 73 75283.5004484 4380
2 0  89 63 75267.6083316 3511
2 1  89 59 76527.3217122 4281
2 3  89 68 73771.3927855 4605
2 4  89 94 73473.3484884 4779
2 5  89 52 74941.9681777 4234
2 6  89 88 74212.9297439 3466
2 7  89 93 75831.1509149 3291
2 8  89 100 75342.5401793 3060
2 9  89 73 74549.3839713 4095
2 10  89 70 76512.4629751 3101
3 0  68 63 73146.2212316 3100
3 1  68 59 74529.9918039 4685
3 2  68 89 73771.3927855 4619
3 4  68 94 71169.7925628 3729
3 5  68 52 72773.8029427 3192
3 6  68 88 71980.7453578 4749
3 7  68 93 73758.6286956 3865
3 8  68 100 73212.4834441 3590
3 9  68 73 72345.959919 3277
4 0  94 63 72840.8255108 4560
4 1  94 59 74240.097276 4652
4 2  94 89 73473.3484884 4460
4 3  94 68 71169.7925628 3481
4 5  94 52 72528.3865665 4826
4 6  94 88 71726.6013473 4265
4 7  94 93 73526.2558109 3408
4 8  94 100 72972.2584208 4651
4 9  94 73 72095.7377958 4274
5 0  52 63 74349.2542422 3708
5 1  52 59 75664.5649135 3069
5 2  52 89 74941.9681777 4855
5 3  52 68 72773.8029427 3498
5 4  52 94 72528.3865665 4502
5 6  52 88 73188.1632048 3710
5 7  52 93 74876.231505 3155
5 8  52 100 74362.4687093 3052
5 9  52 73 73537.2032133 4994
6 0  88 63 73601.3816169 4678
6 1  88 59 74956.4468336 4154
6 2  88 89 74212.9297439 3908
6 3  88 68 71980.7453578 3129
6 4  88 94 71726.6013473 3474
6 5  88 52 73188.1632048 3771
6 7  88 93 74247.9168092 3823
6 8  88 100 73714.6794031 3792
6 9  88 73 72864.5662145 3512
7 0  93 63 75266.4984974 4086
7 1  93 59 76522.5795361 4384
7 2  93 89 75831.1509149 4262
7 3  93 68 73758.6286956 4906
7 4  93 94 73526.2558109 3627
7 5  93 52 74876.231505 3891
7 6  93 88 74247.9168092 4844
7 8  93 100 75434.2033144 4046
7 9  93 73 74641.9400541 3877
8 0  100 63 74761.0246471 3664
8 1  100 59 76052.6922843 3871
8 2  100 89 75342.5401793 4836
8 3  100 68 73212.4834441 3128
8 4  100 94 72972.2584208 4798
8 5  100 52 74362.4687093 3664
8 6  100 88 73714.6794031 3746
8 7  100 93 75434.2033144 3976
8 9  100 73 73956.5491981 4060
9 0  73 63 73946.3004351 4222
9 1  73 59 75283.5004484 4166
9 2  73 89 74549.3839713 4918
9 3  73 68 72345.959919 3234
9 4  73 94 72095.7377958 4981
9 5  73 52 73537.2032133 4876
9 6  73 88 72864.5662145 3310
9 7  73 93 74641.9400541 3974
9 8  73 100 73956.5491981 4299
9 10  73 70 75270.8144165 4982
10 9  70 73 75270.8144165 4669
10 2  70 89 76512.4629751 3273
