Node_1 Node_2 Capacity_node1 Capacity_node2 Latency_arc node_cost
nb_nodes 17
nb_arcs 52
0 1  37 67 74541.1505882 3970
0 2  37 38 76526.0006201 3596
0 4  37 37 76234.0696126 3653
0 5  37 64 75969.6578893 3405
0 13  37 51 75307.5118139 3143
0 16  37 50 75206.5471969 4883
1 0  67 37 74541.1505882 3727
1 16  67 50 73866.8821715 3939
1 11  67 60 72801.9427632 4459
1 8  67 53 72745.7932034 3496
1 15  67 55 73680.2260192 3918
2 0  38 37 76526.0006201 3428
2 4  38 37 76894.3972004 3249
2 5  38 64 76640.6316533 3499
3 4  53 37 76961.5901127 3514
3 13  53 51 76063.3142302 3712
4 0  37 37 76234.0696126 4831
4 2  37 38 76894.3972004 4377
4 3  37 53 76961.5901127 4785
5 0  64 37 75969.6578893 3101
5 16  64 50 75331.9242497 3731
5 2  64 38 76640.6316533 4934
6 8  64 53 71578.2208884 4715
6 7  64 37 70937.2470815 4353
7 9  37 36 71265.1233782 3860
7 6  37 64 70937.2470815 4441
8 16  53 50 73530.0949585 4177
8 1  53 67 72745.7932034 4276
8 6  53 64 71578.2208884 3192
8 9  53 36 71944.6756772 3494
9 8  36 53 71944.6756772 3183
9 10  36 41 71640.8027924 3915
9 7  36 37 71265.1233782 4613
10 9  41 36 71640.8027924 4238
10 11  41 60 72113.0041485 4571
11 1  60 67 72801.9427632 3774
11 10  60 41 72113.0041485 4698
12 13  69 51 74782.8806911 4378
12 14  69 55 74603.2170409 3943
13 0  51 37 75307.5118139 4715
13 3  51 53 76063.3142302 4067
13 12  51 69 74782.8806911 3118
13 15  51 55 74477.8674734 3755
14 12  55 69 74603.2170409 4584
14 15  55 55 74295.9633534 4488
15 1  55 67 73680.2260192 3119
15 13  55 51 74477.8674734 3570
15 14  55 55 74295.9633534 4359
16 0  50 37 75206.5471969 4347
16 1  50 67 73866.8821715 4957
16 5  50 64 75331.9242497 3280
16 8  50 53 73530.0949585 3918
