Node_1 Node_2 Capacity_node1 Capacity_node2 Latency_arc node_cost
nb_nodes 10
nb_arcs 90
0 1  75 88 73383.1649784 3976
0 2  75 61 75124.0814461 3440
0 3  75 53 74431.1016141 3418
0 4  75 53 72468.9786277 3646
0 5  75 85 72159.580149 4594
0 6  75 76 71956.8833516 3826
0 7  75 48 72658.7161501 4295
0 8  75 61 74534.3510644 3476
0 9  75 67 73842.722174 3559
1 0  88 75 73383.1649784 3453
1 2  88 61 75424.6560619 3769
1 3  88 53 74739.8105188 3840
1 4  88 53 72759.5743518 3319
1 5  88 85 72495.7761543 3874
1 6  88 76 72296.0428581 3982
1 7  88 48 72877.2430412 3490
1 8  88 61 74672.2694906 4673
1 9  88 67 74159.1027132 4865
2 0  61 75 75124.0814461 3643
2 1  61 88 75424.6560619 3342
2 3  61 53 76316.5514827 3939
2 4  61 53 74544.423436 3290
2 5  61 85 74239.7162469 4666
2 6  61 76 74000.6365688 4825
2 7  61 48 74650.4332978 3841
2 8  61 61 76317.8290673 4412
2 9  61 67 75764.8928929 3933
3 0  53 75 74431.1016141 4505
3 1  53 88 74739.8105188 3540
3 2  53 61 76316.5514827 4165
3 4  53 53 73833.7159488 4619
3 5  53 85 73520.1248929 3261
3 6  53 76 73274.8347165 4695
3 7  53 48 73944.4192425 3964
3 8  53 61 75663.3266781 4694
3 9  53 67 75105.9900404 3441
4 0  53 75 72468.9786277 3168
4 1  53 88 72759.5743518 4430
4 2  53 61 74544.423436 3176
4 3  53 53 73833.7159488 3744
4 5  53 85 71502.0419678 3137
4 6  53 76 71292.8283275 4182
4 7  53 48 72013.6937822 4292
4 8  53 61 73937.849738 4617
4 9  53 67 73228.5750593 3627
5 0  85 75 72159.580149 4484
5 1  85 88 72495.7761543 3513
5 2  85 61 74239.7162469 3988
5 3  85 53 73520.1248929 4910
5 4  85 53 71502.0419678 4744
5 6  85 76 70891.9809511 4719
5 7  85 48 71628.7906142 3567
5 8  85 61 73522.1986744 3149
5 9  85 67 72906.577312 3809
6 0  76 75 71956.8833516 4536
6 1  76 88 72296.0428581 3663
6 2  76 61 74000.6365688 3255
6 3  76 53 73274.8347165 3334
6 4  76 53 71292.8283275 3475
6 5  76 85 70891.9809511 3786
6 7  76 48 71421.3280281 4040
6 8  76 61 73333.5783844 3544
6 9  76 67 72655.4129182 3096
7 0  48 75 72658.7161501 3889
7 1  48 88 72877.2430412 3311
7 2  48 61 74650.4332978 3569
7 3  48 53 73944.4192425 3251
7 4  48 53 72013.6937822 4985
7 5  48 85 71628.7906142 3695
7 6  48 76 71421.3280281 3733
7 8  48 61 73994.1896086 3281
7 9  48 67 73343.7320451 3525
8 0  61 75 74534.3510644 4734
8 1  61 88 74672.2694906 3970
8 2  61 61 76317.8290673 4828
8 3  61 53 75663.3266781 3814
8 4  61 53 73937.849738 3397
8 5  61 85 73522.1986744 4308
8 6  61 76 73333.5783844 4593
8 7  61 48 73994.1896086 4030
8 9  61 67 75111.2504409 4859
9 0  67 75 73842.722174 4956
9 1  67 88 74159.1027132 4599
9 2  67 61 75764.8928929 4573
9 3  67 53 75105.9900404 4535
9 4  67 53 73228.5750593 3142
9 5  67 85 72906.577312 3411
9 6  67 76 72655.4129182 4803
9 7  67 48 73343.7320451 4852
9 8  67 61 75111.2504409 3118
