Node_1 Node_2 Capacity_node1 Capacity_node2 Latency_arc node_cost
nb_nodes 17
nb_arcs 52
0 1  46 70 74541.1505882 3359
0 2  46 42 76526.0006201 3641
0 4  46 52 76234.0696126 3600
0 5  46 52 75969.6578893 4284
0 13  46 63 75307.5118139 3274
0 16  46 53 75206.5471969 3233
1 0  70 46 74541.1505882 3613
1 16  70 53 73866.8821715 4490
1 11  70 53 72801.9427632 3479
1 8  70 47 72745.7932034 4546
1 15  70 39 73680.2260192 4532
2 0  42 46 76526.0006201 3170
2 4  42 52 76894.3972004 4317
2 5  42 52 76640.6316533 4896
3 4  69 52 76961.5901127 3955
3 13  69 63 76063.3142302 3271
4 0  52 46 76234.0696126 4994
4 2  52 42 76894.3972004 3641
4 3  52 69 76961.5901127 4699
5 0  52 46 75969.6578893 3989
5 16  52 53 75331.9242497 4985
5 2  52 42 76640.6316533 4180
6 8  47 47 71578.2208884 4950
6 7  47 48 70937.2470815 3858
7 9  48 49 71265.1233782 4824
7 6  48 47 70937.2470815 4617
8 16  47 53 73530.0949585 3980
8 1  47 70 72745.7932034 3084
8 6  47 47 71578.2208884 3806
8 9  47 49 71944.6756772 4083
9 8  49 47 71944.6756772 3925
9 10  49 65 71640.8027924 4348
9 7  49 48 71265.1233782 3550
10 9  65 49 71640.8027924 4895
10 11  65 53 72113.0041485 3104
11 1  53 70 72801.9427632 4891
11 10  53 65 72113.0041485 3703
12 13  38 63 74782.8806911 3008
12 14  38 35 74603.2170409 3817
13 0  63 46 75307.5118139 4248
13 3  63 69 76063.3142302 3431
13 12  63 38 74782.8806911 3221
13 15  63 39 74477.8674734 4127
14 12  35 38 74603.2170409 3501
14 15  35 39 74295.9633534 4130
15 1  39 70 73680.2260192 3457
15 13  39 63 74477.8674734 4328
15 14  39 35 74295.9633534 3079
16 0  53 46 75206.5471969 3871
16 1  53 70 73866.8821715 4247
16 5  53 52 75331.9242497 3637
16 8  53 47 73530.0949585 3306
