Node_1 Node_2 Capacity_node1 Capacity_node2 Latency_arc node_cost
nb_nodes 12
nb_arcs 36
0 10  29 46 76767.7258777 3600
0 2  29 31 77947.1011044 3832
0 5  29 43 77237.4747537 3561
1 2  48 31 77322.2751168 4410
1 10  48 46 76110.0177003 3893
1 7  48 47 76279.2152605 3355
2 0  31 29 77947.1011044 4383
2 1  31 48 77322.2751168 4348
2 9  31 50 77486.7413417 3184
3 11  39 54 73886.4183763 3179
3 4  39 43 73188.8767761 4546
3 6  39 49 74218.1693045 4503
4 8  43 33 72994.2850806 4640
4 10  43 46 74344.1809836 3363
4 3  43 39 73188.8767761 3836
5 8  43 33 74930.9653269 3367
5 0  43 29 77237.4747537 3331
5 10  43 46 76178.6770291 4800
6 11  49 54 74722.4290304 3973
6 10  49 46 75314.1347467 3026
6 3  49 39 74218.1693045 4036
7 1  47 48 76279.2152605 3975
7 11  47 54 75107.240884 4313
7 9  47 50 76470.5442206 3652
8 4  33 43 72994.2850806 4534
8 5  33 43 74930.9653269 4890
9 2  50 31 77486.7413417 3294
9 7  50 47 76470.5442206 4763
10 0  46 29 76767.7258777 3811
10 1  46 48 76110.0177003 3360
10 4  46 43 74344.1809836 4981
10 5  46 43 76178.6770291 3849
10 6  46 49 75314.1347467 3718
11 3  54 39 73886.4183763 4656
11 6  54 49 74722.4290304 4064
11 7  54 47 75107.240884 3700
