Node_1 Node_2 Capacity_node1 Capacity_node2 Latency_arc node_cost
nb_nodes 11
nb_arcs 68
0 8  16 13 76316.5514827 4240
0 9  16 15 75743.4500768 4101
0 6  16 18 76317.8290673 4183
0 7  16 13 75707.2568496 3210
1 2  15 16 72473.0700292 3056
1 3  15 15 72142.2019488 4583
1 4  15 13 71884.8509913 4676
1 5  15 12 72592.9456902 3916
1 7  15 13 73745.9491223 3218
1 8  15 13 74430.9735423 4792
1 9  15 15 73727.1262584 4431
1 10  15 17 73383.0389332 3448
2 1  16 15 72473.0700292 3719
2 3  16 15 71480.8279905 4432
2 4  16 13 71217.5605761 4665
2 5  16 12 71944.5876436 4405
2 9  16 15 73112.8168436 4535
2 10  16 17 72759.5743518 4898
3 1  15 15 72142.2019488 4700
3 2  15 16 71480.8279905 3479
3 4  15 13 70891.9809511 4570
3 5  15 12 71628.7906142 4059
4 1  13 15 71884.8509913 3535
4 2  13 16 71217.5605761 4294
4 3  13 15 70891.9809511 3465
4 5  13 12 71421.3280281 4375
4 6  13 18 73333.5783844 4835
4 7  13 13 72633.5762881 3243
5 1  12 15 72592.9456902 4533
5 2  12 16 71944.5876436 4601
5 3  12 15 71628.7906142 3529
5 4  12 13 71421.3280281 4699
5 7  12 13 73314.3079702 3185
5 8  12 13 73944.4192425 4741
6 0  18 16 76317.8290673 3306
6 4  18 13 73333.5783844 3627
6 7  18 13 75136.1611091 4626
6 8  18 13 75663.3266781 4044
6 9  18 15 74996.5122509 4186
6 10  18 17 74672.2694906 4979
7 0  13 16 75707.2568496 3908
7 1  13 15 73745.9491223 3446
7 4  13 13 72633.5762881 3671
7 5  13 12 73314.3079702 3479
7 6  13 18 75136.1611091 4478
7 8  13 13 75033.9152927 3643
7 9  13 15 74348.9747068 4288
7 10  13 17 74015.0296648 3114
8 0  13 16 76316.5514827 3267
8 1  13 15 74430.9735423 3461
8 5  13 12 73944.4192425 3102
8 6  13 18 75663.3266781 3725
8 7  13 13 75033.9152927 3277
8 9  13 15 75068.1543534 4204
8 10  13 17 74739.8105188 4028
9 0  15 16 75743.4500768 3348
9 1  15 15 73727.1262584 4749
9 2  15 16 73112.8168436 4604
9 6  15 18 74996.5122509 3192
9 7  15 13 74348.9747068 3975
9 8  15 13 75068.1543534 4715
9 10  15 17 74043.7761205 4161
10 1  17 15 73383.0389332 3961
10 2  17 16 72759.5743518 3688
10 6  17 18 74672.2694906 3825
10 7  17 13 74015.0296648 4203
10 8  17 13 74739.8105188 4611
10 9  17 15 74043.7761205 3166
