Node_1 Node_2 Capacity_node1 Capacity_node2 Latency_arc node_cost
nb_nodes 11
nb_arcs 94
0 1  67 58 75973.1418746 3102
0 2  67 75 75267.6083316 3043
0 3  67 78 73146.2212316 4097
0 4  67 85 72840.8255108 3181
0 5  67 87 74349.2542422 4162
0 6  67 75 73601.3816169 4588
0 7  67 80 75266.4984974 4220
0 8  67 53 74761.0246471 3445
0 9  67 75 73946.3004351 4497
1 0  58 67 75973.1418746 4870
1 2  58 75 76527.3217122 4016
1 3  58 78 74529.9918039 4936
1 4  58 85 74240.097276 4188
1 5  58 87 75664.5649135 3558
1 6  58 75 74956.4468336 3633
1 7  58 80 76522.5795361 4543
1 8  58 53 76052.6922843 4786
1 9  58 75 75283.5004484 4002
2 0  75 67 75267.6083316 3864
2 1  75 58 76527.3217122 4060
2 3  75 78 73771.3927855 3901
2 4  75 85 73473.3484884 3573
2 5  75 87 74941.9681777 3884
2 6  75 75 74212.9297439 4937
2 7  75 80 75831.1509149 3292
2 8  75 53 75342.5401793 4931
2 9  75 75 74549.3839713 3192
2 10  75 91 76512.4629751 3515
3 0  78 67 73146.2212316 4659
3 1  78 58 74529.9918039 3699
3 2  78 75 73771.3927855 3552
3 4  78 85 71169.7925628 3298
3 5  78 87 72773.8029427 3461
3 6  78 75 71980.7453578 3866
3 7  78 80 73758.6286956 3417
3 8  78 53 73212.4834441 3027
3 9  78 75 72345.959919 4287
4 0  85 67 72840.8255108 4551
4 1  85 58 74240.097276 4444
4 2  85 75 73473.3484884 3041
4 3  85 78 71169.7925628 4716
4 5  85 87 72528.3865665 4680
4 6  85 75 71726.6013473 3599
4 7  85 80 73526.2558109 3197
4 8  85 53 72972.2584208 4174
4 9  85 75 72095.7377958 4678
5 0  87 67 74349.2542422 4510
5 1  87 58 75664.5649135 3801
5 2  87 75 74941.9681777 4649
5 3  87 78 72773.8029427 4053
5 4  87 85 72528.3865665 4513
5 6  87 75 73188.1632048 4282
5 7  87 80 74876.231505 4052
5 8  87 53 74362.4687093 4011
5 9  87 75 73537.2032133 3514
6 0  75 67 73601.3816169 3682
6 1  75 58 74956.4468336 4253
6 2  75 75 74212.9297439 3600
6 3  75 78 71980.7453578 4820
6 4  75 85 71726.6013473 4237
6 5  75 87 73188.1632048 3946
6 7  75 80 74247.9168092 4427
6 8  75 53 73714.6794031 4757
6 9  75 75 72864.5662145 4612
7 0  80 67 75266.4984974 3932
7 1  80 58 76522.5795361 4541
7 2  80 75 75831.1509149 3876
7 3  80 78 73758.6286956 4543
7 4  80 85 73526.2558109 4848
7 5  80 87 74876.231505 3058
7 6  80 75 74247.9168092 3687
7 8  80 53 75434.2033144 3982
7 9  80 75 74641.9400541 4023
8 0  53 67 74761.0246471 3050
8 1  53 58 76052.6922843 4069
8 2  53 75 75342.5401793 4164
8 3  53 78 73212.4834441 3556
8 4  53 85 72972.2584208 4876
8 5  53 87 74362.4687093 3825
8 6  53 75 73714.6794031 3835
8 7  53 80 75434.2033144 3290
8 9  53 75 73956.5491981 4819
9 0  75 67 73946.3004351 4027
9 1  75 58 75283.5004484 3870
9 2  75 75 74549.3839713 4394
9 3  75 78 72345.959919 4556
9 4  75 85 72095.7377958 3541
9 5  75 87 73537.2032133 3076
9 6  75 75 72864.5662145 3728
9 7  75 80 74641.9400541 3704
9 8  75 53 73956.5491981 4035
9 10  75 91 75270.8144165 4449
10 9  91 75 75270.8144165 3013
10 2  91 75 76512.4629751 4413
