Node_1 Node_2 Capacity_node1 Capacity_node2 Latency_arc node_cost
nb_nodes 14
nb_arcs 42
0 1  49 44 53149.5198034 4539
0 12  49 58 58541.4366204 4324
0 13  49 48 63843.1464738 4356
1 0  44 49 53149.5198034 3805
1 11  44 57 47353.8222404 3529
1 13  44 48 61385.8732136 4816
2 11  38 57 53528.7855633 3343
2 12  38 58 60516.6028012 3954
2 7  38 42 60420.1917414 4636
3 8  45 46 59317.7103366 4281
3 9  45 55 60791.4957321 4979
3 11  45 57 52529.2132246 4708
4 10  52 55 56115.2979539 4527
4 11  52 57 48390.8291046 4982
5 10  51 55 60319.7133021 3681
5 13  51 48 65768.0843702 3497
5 7  51 42 60630.2368412 4841
6 8  44 46 61713.7872367 4577
6 9  44 55 63074.2981419 3747
6 12  44 58 62210.0811244 3158
7 2  42 38 60420.1917414 4395
7 5  42 51 60630.2368412 4141
8 10  46 55 60557.8631156 3699
8 3  46 45 59317.7103366 3163
8 6  46 44 61713.7872367 3493
9 10  55 55 61941.2239302 3896
9 3  55 45 60791.4957321 3734
9 6  55 44 63074.2981419 3787
10 8  55 46 60557.8631156 4354
10 9  55 55 61941.2239302 4588
10 4  55 52 56115.2979539 3470
10 5  55 51 60319.7133021 4537
11 1  57 44 47353.8222404 3952
11 2  57 38 53528.7855633 3001
11 3  57 45 52529.2132246 3623
11 4  57 52 48390.8291046 4689
12 0  58 49 58541.4366204 3519
12 2  58 38 60516.6028012 4208
12 6  58 44 62210.0811244 3006
13 0  48 49 63843.1464738 3038
13 1  48 44 61385.8732136 3757
13 5  48 51 65768.0843702 4033
