Node_1 Node_2 Capacity_node1 Capacity_node2 Latency_arc node_cost
nb_nodes 14
nb_arcs 42
0 1  64 60 53149.5198034 3111
0 12  64 46 58541.4366204 3685
0 13  64 50 63843.1464738 4533
1 0  60 64 53149.5198034 4241
1 11  60 49 47353.8222404 3832
1 13  60 50 61385.8732136 3879
2 11  44 49 53528.7855633 3725
2 12  44 46 60516.6028012 4543
2 7  44 33 60420.1917414 3755
3 8  51 61 59317.7103366 4946
3 9  51 49 60791.4957321 4327
3 11  51 49 52529.2132246 3302
4 10  53 45 56115.2979539 4859
4 11  53 49 48390.8291046 3960
5 10  64 45 60319.7133021 4888
5 13  64 50 65768.0843702 3775
5 7  64 33 60630.2368412 3383
6 8  32 61 61713.7872367 4185
6 9  32 49 63074.2981419 4344
6 12  32 46 62210.0811244 3970
7 2  33 44 60420.1917414 3761
7 5  33 64 60630.2368412 3068
8 10  61 45 60557.8631156 4638
8 3  61 51 59317.7103366 4064
8 6  61 32 61713.7872367 3409
9 10  49 45 61941.2239302 3298
9 3  49 51 60791.4957321 4137
9 6  49 32 63074.2981419 3749
10 8  45 61 60557.8631156 3092
10 9  45 49 61941.2239302 4876
10 4  45 53 56115.2979539 4661
10 5  45 64 60319.7133021 3267
11 1  49 60 47353.8222404 3573
11 2  49 44 53528.7855633 3569
11 3  49 51 52529.2132246 4662
11 4  49 53 48390.8291046 4320
12 0  46 64 58541.4366204 4656
12 2  46 44 60516.6028012 3298
12 6  46 32 62210.0811244 3601
13 0  50 64 63843.1464738 3982
13 1  50 60 61385.8732136 3333
13 5  50 64 65768.0843702 3901
