Node_1 Node_2 Capacity_node1 Capacity_node2 Latency_arc node_cost
nb_nodes 12
nb_arcs 36
0 10  43 36 76767.7258777 3854
0 2  43 43 77947.1011044 3143
0 5  43 36 77237.4747537 4164
1 2  47 43 77322.2751168 3130
1 10  47 36 76110.0177003 4545
1 7  47 46 76279.2152605 3332
2 0  43 43 77947.1011044 4641
2 1  43 47 77322.2751168 4340
2 9  43 49 77486.7413417 4040
3 11  47 28 73886.4183763 4707
3 4  47 38 73188.8767761 3358
3 6  47 48 74218.1693045 4288
4 8  38 47 72994.2850806 3065
4 10  38 36 74344.1809836 3703
4 3  38 47 73188.8767761 4877
5 8  36 47 74930.9653269 3442
5 0  36 43 77237.4747537 4448
5 10  36 36 76178.6770291 3280
6 11  48 28 74722.4290304 4611
6 10  48 36 75314.1347467 3558
6 3  48 47 74218.1693045 3306
7 1  46 47 76279.2152605 4399
7 11  46 28 75107.240884 3793
7 9  46 49 76470.5442206 3468
8 4  47 38 72994.2850806 4788
8 5  47 36 74930.9653269 4788
9 2  49 43 77486.7413417 3682
9 7  49 46 76470.5442206 4988
10 0  36 43 76767.7258777 4571
10 1  36 47 76110.0177003 3863
10 4  36 38 74344.1809836 3411
10 5  36 36 76178.6770291 4602
10 6  36 48 75314.1347467 3029
11 3  28 47 73886.4183763 4233
11 6  28 48 74722.4290304 4782
11 7  28 46 75107.240884 4563
