Node_1 Node_2 Capacity_node1 Capacity_node2 Latency_arc node_cost
nb_nodes 11
nb_arcs 68
0 8  12 17 76316.5514827 4331
0 9  12 18 75743.4500768 4284
0 6  12 17 76317.8290673 4683
0 7  12 19 75707.2568496 3255
1 2  17 13 72473.0700292 3851
1 3  17 16 72142.2019488 3637
1 4  17 19 71884.8509913 4692
1 5  17 11 72592.9456902 4925
1 7  17 19 73745.9491223 4216
1 8  17 17 74430.9735423 3813
1 9  17 18 73727.1262584 3230
1 10  17 20 73383.0389332 3706
2 1  13 17 72473.0700292 3907
2 3  13 16 71480.8279905 4675
2 4  13 19 71217.5605761 4259
2 5  13 11 71944.5876436 3481
2 9  13 18 73112.8168436 3620
2 10  13 20 72759.5743518 3807
3 1  16 17 72142.2019488 3224
3 2  16 13 71480.8279905 3877
3 4  16 19 70891.9809511 4255
3 5  16 11 71628.7906142 3800
4 1  19 17 71884.8509913 3660
4 2  19 13 71217.5605761 3514
4 3  19 16 70891.9809511 4233
4 5  19 11 71421.3280281 4408
4 6  19 17 73333.5783844 4974
4 7  19 19 72633.5762881 3620
5 1  11 17 72592.9456902 4924
5 2  11 13 71944.5876436 4212
5 3  11 16 71628.7906142 3416
5 4  11 19 71421.3280281 3475
5 7  11 19 73314.3079702 3115
5 8  11 17 73944.4192425 4376
6 0  17 12 76317.8290673 4281
6 4  17 19 73333.5783844 3840
6 7  17 19 75136.1611091 4870
6 8  17 17 75663.3266781 4041
6 9  17 18 74996.5122509 4254
6 10  17 20 74672.2694906 4003
7 0  19 12 75707.2568496 4274
7 1  19 17 73745.9491223 3378
7 4  19 19 72633.5762881 4418
7 5  19 11 73314.3079702 4901
7 6  19 17 75136.1611091 4649
7 8  19 17 75033.9152927 4259
7 9  19 18 74348.9747068 4377
7 10  19 20 74015.0296648 4406
8 0  17 12 76316.5514827 3559
8 1  17 17 74430.9735423 3085
8 5  17 11 73944.4192425 3105
8 6  17 17 75663.3266781 3398
8 7  17 19 75033.9152927 4785
8 9  17 18 75068.1543534 3210
8 10  17 20 74739.8105188 3523
9 0  18 12 75743.4500768 3004
9 1  18 17 73727.1262584 4752
9 2  18 13 73112.8168436 4352
9 6  18 17 74996.5122509 4102
9 7  18 19 74348.9747068 3472
9 8  18 17 75068.1543534 4034
9 10  18 20 74043.7761205 4775
10 1  20 17 73383.0389332 4375
10 2  20 13 72759.5743518 4067
10 6  20 17 74672.2694906 3687
10 7  20 19 74015.0296648 4083
10 8  20 17 74739.8105188 3567
10 9  20 18 74043.7761205 4644
