Node_1 Node_2 Capacity_node1 Capacity_node2 Latency_arc node_cost
nb_nodes 16
nb_arcs 98
0 1  82 80 162827.774207 4511
0 4  82 108 138184.536012 4861
0 5  82 116 27223.5838855 3473
0 6  82 149 54059.0923854 4954
0 7  82 122 103762.810514 4060
0 11  82 127 79894.3961962 4972
0 12  82 88 158954.026972 4807
0 14  82 107 26383.5147114 3879
1 0  80 82 162827.774207 3566
1 4  80 108 61349.2864212 3817
1 5  80 116 168581.39445 3008
1 11  80 127 121222.064581 4948
1 12  80 88 49251.7622856 4073
1 14  80 107 166866.041919 3915
2 10  146 150 117012.45907 3873
2 3  146 99 21117.5968941 4241
2 5  146 116 185362.450421 4783
2 6  146 149 150060.769364 4073
2 7  146 122 95683.2936437 4601
3 2  99 146 21117.5968941 4681
3 6  99 149 148068.533302 3224
3 7  99 122 96202.1908412 3720
3 8  99 126 47756.1608584 4911
3 9  99 144 128794.241439 4131
3 10  99 150 116298.474827 4744
4 0  108 82 138184.536012 3334
4 1  108 80 61349.2864212 3840
4 11  108 127 112720.079086 3580
4 12  108 88 67464.0142372 3249
4 14  108 107 141048.444165 3815
5 0  116 82 27223.5838855 3949
5 1  116 80 168581.39445 3475
5 2  116 146 185362.450421 3710
5 6  116 149 50659.6705182 3831
5 7  116 122 104795.247341 4047
6 0  149 82 54059.0923854 4446
6 2  149 146 150060.769364 3821
6 3  149 99 148068.533302 3551
6 5  149 116 50659.6705182 4401
6 7  149 122 105291.813803 4855
6 8  149 126 135824.929964 3324
6 9  149 144 80834.6230273 3243
6 11  149 127 84659.619659 4624
6 12  149 88 139327.342599 4205
6 13  149 135 136386.043889 3797
6 14  149 107 50862.5349182 4693
7 0  122 82 103762.810514 3509
7 2  122 146 95683.2936437 4338
7 3  122 99 96202.1908412 3508
7 5  122 116 104795.247341 4249
7 6  122 149 105291.813803 4453
8 3  126 99 47756.1608584 3265
8 6  126 149 135824.929964 3631
8 9  126 144 121633.71469 4377
8 10  126 150 110761.518318 3710
8 13  126 135 56999.8591205 3456
8 14  126 107 153750.616266 4494
8 15  126 115 45811.4446236 3191
9 3  144 99 128794.241439 3177
9 6  144 149 80834.6230273 3694
9 8  144 126 121633.71469 4105
9 10  144 150 95510.6646999 3653
9 13  144 135 125294.06045 3244
9 14  144 107 71441.4438881 4402
10 8  150 126 110761.518318 3777
10 9  150 144 95510.6646999 3625
10 2  150 146 117012.45907 4915
10 3  150 99 116298.474827 3937
11 0  127 82 79894.3961962 3861
11 1  127 80 121222.064581 3304
11 4  127 108 112720.079086 3911
11 6  127 149 84659.619659 3698
11 12  127 88 116029.968232 4258
11 14  127 107 79135.6773862 4266
12 0  88 82 158954.026972 4959
12 1  88 80 49251.7622856 4893
12 4  88 108 67464.0142372 4139
12 6  88 149 139327.342599 4276
12 11  88 127 116029.968232 3009
12 13  88 135 52929.177617 4272
12 14  88 107 161695.148695 4667
13 6  135 149 136386.043889 3574
13 8  135 126 56999.8591205 4112
13 9  135 144 125294.06045 3347
13 12  135 88 52929.177617 4590
13 14  135 107 157290.76674 4468
13 15  135 115 41173.0351972 4914
14 0  107 82 26383.5147114 3008
14 1  107 80 166866.041919 4780
14 4  107 108 141048.444165 4575
14 6  107 149 50862.5349182 3348
14 8  107 126 153750.616266 3299
14 9  107 144 71441.4438881 3698
14 11  107 127 79135.6773862 3424
14 12  107 88 161695.148695 4362
14 13  107 135 157290.76674 3520
15 8  115 126 45811.4446236 3917
15 13  115 135 41173.0351972 4974
